5664.50  4.93530e-04
5657.50  5.06953e-04
5658.00  5.03321e-04
5658.50  4.99791e-04
5659.00  4.96432e-04
5659.50  4.93330e-04
5660.00  4.90571e-04
5660.50  4.88246e-04
5661.00  4.86446e-04
5661.50  4.85255e-04
5662.00  4.84747e-04
5662.50  4.84979e-04
5663.00  4.85981e-04
5663.50  4.87758e-04
5664.00  4.90289e-04
5664.50  4.93530e-04
5665.00  4.97407e-04
5665.50  5.01845e-04
5666.00  5.06753e-04
5666.50  5.12035e-04
5667.00  5.17596e-04
5667.50  5.23343e-04
5668.00  5.29183e-04
5668.50  5.35020e-04
5669.00  5.40761e-04
5669.50  5.46308e-04
5670.00  5.51561e-04
5670.50  5.56408e-04
5671.00  5.60762e-04
5671.50  5.64529e-04
5672.00  5.67634e-04
5672.50  5.70014e-04
5673.00  5.71645e-04
5673.50  5.72513e-04
5674.00  5.72640e-04
5674.50  5.72066e-04
5675.00  5.70862e-04
5675.50  5.69098e-04
5676.00  5.66871e-04
5676.50  5.64269e-04
5677.00  5.61387e-04
5677.50  5.58295e-04
5678.00  5.55072e-04
5678.50  5.51778e-04
5679.00  5.48451e-04
5679.50  5.45128e-04
5680.00  5.41837e-04
5680.50  5.38595e-04
5681.00  5.35423e-04
5681.50  5.32352e-04
5682.00  5.29410e-04
5682.50  5.26627e-04
5683.00  5.24046e-04
5683.50  5.21711e-04
5684.00  5.19653e-04
5684.50  5.17911e-04
5685.00  5.16515e-04
5685.50  5.15481e-04
5686.00  5.14818e-04
5686.50  5.14526e-04
5687.00  5.14595e-04
5687.50  5.15009e-04
5688.00  5.15753e-04
5688.50  5.16803e-04
5689.00  5.18127e-04
5689.50  5.19688e-04
5690.00  5.21442e-04
5690.50  5.23330e-04
5691.00  5.25285e-04
5691.50  5.27228e-04
5692.00  5.29076e-04
5692.50  5.30749e-04
5693.00  5.32160e-04
5693.50  5.33249e-04
5694.00  5.33955e-04
5694.50  5.34247e-04
5695.00  5.34116e-04
5695.50  5.33569e-04
5696.00  5.32642e-04
5696.50  5.31375e-04
5697.00  5.29820e-04
5697.50  5.28036e-04
5698.00  5.26071e-04
5698.50  5.23972e-04
5699.00  5.21772e-04
5699.50  5.19485e-04
5700.00  5.17120e-04
5700.50  5.14675e-04
5701.00  5.12143e-04
5701.50  5.09511e-04
5702.00  5.06782e-04
5702.50  5.03967e-04
5703.00  5.01098e-04
5703.50  4.98222e-04
5704.00  4.95417e-04
5704.50  4.92772e-04
5705.00  4.90399e-04
5705.50  4.88414e-04
5706.00  4.86936e-04
5706.50  4.86067e-04
5707.00  4.85897e-04
5707.50  4.86494e-04
5708.00  4.87884e-04
5708.50  4.90062e-04
5709.00  4.92982e-04
5709.50  4.96567e-04
5710.00  5.00696e-04
5710.50  5.05236e-04
5711.00  5.10030e-04
5711.50  5.14915e-04
5712.00  5.19732e-04
5712.50  5.24342e-04
5713.00  5.28619e-04
5713.50  5.32478e-04
5714.00  5.35867e-04
5714.50  5.38768e-04
5715.00  5.41197e-04
5715.50  5.43196e-04
5716.00  5.44831e-04
5716.50  5.46174e-04
5717.00  5.47309e-04
5717.50  5.48319e-04
5718.00  5.49280e-04
5718.50  5.50254e-04
5719.00  5.51292e-04
5719.50  5.52430e-04
5720.00  5.53686e-04
5720.50  5.55059e-04
5721.00  5.56530e-04
5721.50  5.58075e-04
5722.00  5.59653e-04
5722.50  5.61224e-04
5723.00  5.62746e-04
5723.50  5.64183e-04
5724.00  5.65517e-04
5724.50  5.66728e-04
5725.00  5.67826e-04
5725.50  5.68824e-04
5726.00  5.69740e-04
5726.50  5.70599e-04
5727.00  5.71423e-04
5727.50  5.72219e-04
5728.00  5.72988e-04
5728.50  5.73713e-04
5729.00  5.74369e-04
5729.50  5.74920e-04
5730.00  5.75324e-04
5730.50  5.75541e-04
5731.00  5.75529e-04
5731.50  5.75252e-04
5732.00  5.74681e-04
5732.50  5.73795e-04
5733.00  5.72578e-04
5733.50  5.71028e-04
5734.00  5.69146e-04
5734.50  5.66954e-04
5735.00  5.64485e-04
5735.50  5.61789e-04
5736.00  5.58932e-04
5736.50  5.56009e-04
5737.00  5.53128e-04
5737.50  5.50411e-04
5738.00  5.47982e-04
5738.50  5.45973e-04
5739.00  5.44492e-04
5739.50  5.43624e-04
5740.00  5.43421e-04
5740.50  5.43897e-04
5741.00  5.45019e-04
5741.50  5.46719e-04
5742.00  5.48886e-04
5742.50  5.51389e-04
5743.00  5.54081e-04
5743.50  5.56810e-04
5744.00  5.59433e-04
5744.50  5.61824e-04
5745.00  5.63885e-04
5745.50  5.65541e-04
5746.00  5.66753e-04
5746.50  5.67511e-04
5747.00  5.67833e-04
5747.50  5.67758e-04
5748.00  5.67348e-04
5748.50  5.66676e-04
5749.00  5.65814e-04
5749.50  5.64850e-04
5750.00  5.63857e-04
5750.50  5.62896e-04
5751.00  5.62011e-04
5751.50  5.61226e-04
5752.00  5.60534e-04
5752.50  5.59905e-04
5753.00  5.59280e-04
5753.50  5.58580e-04
5754.00  5.57710e-04
5754.50  5.56573e-04
5755.00  5.55077e-04
5755.50  5.53151e-04
5756.00  5.50758e-04
5756.50  5.47897e-04
5757.00  5.44614e-04
5757.50  5.41003e-04
5758.00  5.37198e-04
5758.50  5.33369e-04
5759.00  5.29711e-04
5759.50  5.26424e-04
5760.00  5.23700e-04
5760.50  5.21710e-04
5761.00  5.20584e-04
5761.50  5.20404e-04
5762.00  5.21193e-04
5762.50  5.22919e-04
5763.00  5.25487e-04
5763.50  5.28757e-04
5764.00  5.32551e-04
5764.50  5.36664e-04
5765.00  5.40890e-04
5765.50  5.45023e-04
5766.00  5.48879e-04
5766.50  5.52307e-04
5767.00  5.55186e-04
5767.50  5.57448e-04
5768.00  5.59056e-04
5768.50  5.60018e-04
5769.00  5.60367e-04
5769.50  5.60172e-04
5770.00  5.59518e-04
5770.50  5.58508e-04
5771.00  5.57246e-04
5771.50  5.55849e-04
5772.00  5.54420e-04
5772.50  5.53062e-04
5773.00  5.51859e-04
5773.50  5.50876e-04
5774.00  5.50160e-04
5774.50  5.49728e-04
5775.00  5.49571e-04
5775.50  5.49660e-04
5776.00  5.49939e-04
5776.50  5.50327e-04
5777.00  5.50727e-04
5777.50  5.51042e-04
5778.00  5.51150e-04
5778.50  5.50945e-04
5779.00  5.50319e-04
5779.50  5.49181e-04
5780.00  5.47457e-04
5780.50  5.45098e-04
5781.00  5.42085e-04
5781.50  5.38441e-04
5782.00  5.34218e-04
5782.50  5.29508e-04
5783.00  5.24434e-04
5783.50  5.19141e-04
5784.00  5.13795e-04
5784.50  5.08561e-04
5785.00  5.03599e-04
5785.50  4.99050e-04
5786.00  4.95030e-04
5786.50  4.91625e-04
5787.00  4.88889e-04
5787.50  4.86848e-04
5788.00  4.85502e-04
5788.50  4.84834e-04
5789.00  4.84809e-04
5789.50  4.85388e-04
5790.00  4.86529e-04
5790.50  4.88191e-04
5791.00  4.90328e-04
5791.50  4.92896e-04
5792.00  4.95849e-04
5792.50  4.99136e-04
5793.00  5.02706e-04
5793.50  5.06496e-04
5794.00  5.10446e-04
5794.50  5.14489e-04
5795.00  5.18557e-04
5795.50  5.22576e-04
5796.00  5.26472e-04
5796.50  5.30171e-04
5797.00  5.33600e-04
5797.50  5.36692e-04
5798.00  5.39384e-04
5798.50  5.41626e-04
5799.00  5.43385e-04
5799.50  5.44654e-04
5800.00  5.45442e-04
5800.50  5.45793e-04
5801.00  5.45774e-04
5801.50  5.45478e-04
5802.00  5.45010e-04
5802.50  5.44487e-04
5803.00  5.44015e-04
5803.50  5.43693e-04
5804.00  5.43581e-04
5804.50  5.43720e-04
5805.00  5.44107e-04
5805.50  5.44710e-04
5806.00  5.45461e-04
5806.50  5.46278e-04
5807.00  5.47072e-04
5807.50  5.47756e-04
5808.00  5.48253e-04
5808.50  5.48512e-04
5809.00  5.48506e-04
5809.50  5.48239e-04
5810.00  5.47731e-04
5810.50  5.47036e-04
5811.00  5.46218e-04
5811.50  5.45349e-04
5812.00  5.44508e-04
5812.50  5.43766e-04
5813.00  5.43190e-04
5813.50  5.42833e-04
5814.00  5.42732e-04
5814.50  5.42912e-04
5815.00  5.43378e-04
5815.50  5.44119e-04
5816.00  5.45110e-04
5816.50  5.46312e-04
5817.00  5.47676e-04
5817.50  5.49146e-04
5818.00  5.50661e-04
5818.50  5.52161e-04
5819.00  5.53590e-04
5819.50  5.54900e-04
5820.00  5.56051e-04
5820.50  5.57020e-04
5821.00  5.57792e-04
5821.50  5.58365e-04
5822.00  5.58745e-04
5822.50  5.58946e-04
5823.00  5.58984e-04
5823.50  5.58877e-04
5824.00  5.58632e-04
5824.50  5.58258e-04
5825.00  5.57750e-04
5825.50  5.57088e-04
5826.00  5.56251e-04
5826.50  5.55204e-04
5827.00  5.53911e-04
5827.50  5.52338e-04
5828.00  5.50454e-04
5828.50  5.48247e-04
5829.00  5.45719e-04
5829.50  5.42898e-04
5830.00  5.39837e-04
5830.50  5.36615e-04
5831.00  5.33330e-04
5831.50  5.30099e-04
5832.00  5.27046e-04
5832.50  5.24294e-04
5833.00  5.21953e-04
5833.50  5.20116e-04
5834.00  5.18846e-04
5834.50  5.18174e-04
5835.00  5.18096e-04
5835.50  5.18580e-04
5836.00  5.19565e-04
5836.50  5.20968e-04
5837.00  5.22691e-04
5837.50  5.24630e-04
5838.00  5.26677e-04
5838.50  5.28729e-04
5839.00  5.30691e-04
5839.50  5.32479e-04
5840.00  5.34018e-04
5840.50  5.35253e-04
5841.00  5.36141e-04
5841.50  5.36660e-04
5842.00  5.36809e-04
5842.50  5.36607e-04
5843.00  5.36096e-04
5843.50  5.35335e-04
5844.00  5.34415e-04
5844.50  5.33429e-04
5845.00  5.32486e-04
5845.50  5.31689e-04
5846.00  5.31136e-04
5846.50  5.30907e-04
5847.00  5.31052e-04
5847.50  5.31585e-04
5848.00  5.32486e-04
5848.50  5.33698e-04
5849.00  5.35123e-04
5849.50  5.36639e-04
5850.00  5.38111e-04
5850.50  5.39393e-04
5851.00  5.40353e-04
5851.50  5.40878e-04
5852.00  5.40883e-04
5852.50  5.40329e-04
5853.00  5.39220e-04
5853.50  5.37603e-04
5854.00  5.35573e-04
5854.50  5.33252e-04
5855.00  5.30788e-04
5855.50  5.28341e-04
5856.00  5.26063e-04
5856.50  5.24091e-04
5857.00  5.22529e-04
5857.50  5.21439e-04
5858.00  5.20835e-04
5858.50  5.20683e-04
5859.00  5.20905e-04
5859.50  5.21385e-04
5860.00  5.21985e-04
5860.50  5.22558e-04
5861.00  5.22966e-04
5861.50  5.23101e-04
5862.00  5.22884e-04
5862.50  5.22294e-04
5863.00  5.21357e-04
5863.50  5.20150e-04
5864.00  5.18790e-04
5864.50  5.17425e-04
5865.00  5.16214e-04
5865.50  5.15312e-04
5866.00  5.14851e-04
5866.50  5.14927e-04
5867.00  5.15586e-04
5867.50  5.16827e-04
5868.00  5.18598e-04
5868.50  5.20802e-04
5869.00  5.23312e-04
5869.50  5.25986e-04
5870.00  5.28672e-04
5870.50  5.31232e-04
5871.00  5.33544e-04
5871.50  5.35515e-04
5872.00  5.37082e-04
5872.50  5.38203e-04
5873.00  5.38874e-04
5873.50  5.39107e-04
5874.00  5.38936e-04
5874.50  5.38403e-04
5875.00  5.37564e-04
5875.50  5.36479e-04
5876.00  5.35208e-04
5876.50  5.33825e-04
5877.00  5.32393e-04
5877.50  5.30973e-04
5878.00  5.29624e-04
5878.50  5.28390e-04
5879.00  5.27303e-04
5879.50  5.26380e-04
5880.00  5.25615e-04
5880.50  5.24982e-04
5881.00  5.24434e-04
5881.50  5.23900e-04
5882.00  5.23300e-04
5882.50  5.22549e-04
5883.00  5.21554e-04
5883.50  5.20229e-04
5884.00  5.18506e-04
5884.50  5.16336e-04
5885.00  5.13702e-04
5885.50  5.10622e-04
5886.00  5.07150e-04
5886.50  5.03376e-04
5887.00  4.99424e-04
5887.50  4.95438e-04
5888.00  4.91574e-04
5888.50  4.87985e-04
5889.00  4.84807e-04
5889.50  4.82143e-04
5890.00  4.80056e-04
5890.50  4.78564e-04
5891.00  4.77641e-04
5891.50  4.77219e-04
5892.00  4.77212e-04
5892.50  4.77515e-04
5893.00  4.78032e-04
5893.50  4.78685e-04
5894.00  4.79417e-04
5894.50  4.80204e-04
5895.00  4.81045e-04
5895.50  4.81963e-04
5896.00  4.82983e-04
5896.50  4.84141e-04
5897.00  4.85453e-04
5897.50  4.86920e-04
5898.00  4.88523e-04
5898.50  4.90231e-04
5899.00  4.91992e-04
5899.50  4.93750e-04
5900.00  4.95449e-04
5900.50  4.97038e-04
5901.00  4.98476e-04
5901.50  4.99729e-04
5902.00  5.00780e-04
5902.50  5.01617e-04
5903.00  5.02232e-04
5903.50  5.02624e-04
5904.00  5.02790e-04
5904.50  5.02729e-04
5905.00  5.02440e-04
5905.50  5.01928e-04
5906.00  5.01204e-04
5906.50  5.00287e-04
5907.00  4.99206e-04
5907.50  4.98000e-04
5908.00  4.96717e-04
5908.50  4.95414e-04
5909.00  4.94148e-04
5909.50  4.92978e-04
5910.00  4.91955e-04
5910.50  4.91122e-04
5911.00  4.90500e-04
5911.50  4.90109e-04
5912.00  4.89949e-04
5912.50  4.90012e-04
5913.00  4.90279e-04
5913.50  4.90731e-04
5914.00  4.91350e-04
5914.50  4.92122e-04
5915.00  4.93039e-04
5915.50  4.94097e-04
5916.00  4.95299e-04
5916.50  4.96645e-04
5917.00  4.98137e-04
5917.50  4.99769e-04
5918.00  5.01528e-04
5918.50  5.03392e-04
5919.00  5.05326e-04
5919.50  5.07293e-04
5920.00  5.09247e-04
5920.50  5.11142e-04
5921.00  5.12938e-04
5921.50  5.14599e-04
5922.00  5.16100e-04
5922.50  5.17428e-04
5923.00  5.18581e-04
5923.50  5.19566e-04
5924.00  5.20397e-04
5924.50  5.21098e-04
5925.00  5.21686e-04
5925.50  5.22187e-04
5926.00  5.22623e-04
5926.50  5.23013e-04
5927.00  5.23366e-04
5927.50  5.23698e-04
5928.00  5.24016e-04
5928.50  5.24325e-04
5929.00  5.24628e-04
5929.50  5.24922e-04
5930.00  5.25207e-04
5930.50  5.25474e-04
5931.00  5.25714e-04
5931.50  5.25916e-04
5932.00  5.26064e-04
5932.50  5.26142e-04
5933.00  5.26134e-04
5933.50  5.26018e-04
5934.00  5.25781e-04
5934.50  5.25405e-04
5935.00  5.24885e-04
5935.50  5.24214e-04
5936.00  5.23392e-04
5936.50  5.22428e-04
5937.00  5.21335e-04
5937.50  5.20134e-04
5938.00  5.18848e-04
5938.50  5.17504e-04
5939.00  5.16129e-04
5939.50  5.14745e-04
5940.00  5.13369e-04
5940.50  5.12009e-04
5941.00  5.10663e-04
5941.50  5.09323e-04
5942.00  5.07970e-04
5942.50  5.06585e-04
5943.00  5.05152e-04
5943.50  5.03661e-04
5944.00  5.02116e-04
5944.50  5.00538e-04
5945.00  4.98966e-04
5945.50  4.97457e-04
5946.00  4.96082e-04
5946.50  4.94921e-04
5947.00  4.94051e-04
5947.50  4.93543e-04
5948.00  4.93449e-04
5948.50  4.93798e-04
5949.00  4.94592e-04
5949.50  4.95803e-04
5950.00  4.97379e-04
5950.50  4.99245e-04
5951.00  5.01314e-04
5951.50  5.03491e-04
5952.00  5.05682e-04
5952.50  5.07803e-04
5953.00  5.09782e-04
5953.50  5.11564e-04
5954.00  5.13110e-04
5954.50  5.14402e-04
5955.00  5.15435e-04
5955.50  5.16217e-04
5956.00  5.16764e-04
5956.50  5.17101e-04
5957.00  5.17253e-04
5957.50  5.17246e-04
5958.00  5.17100e-04
5958.50  5.16835e-04
5959.00  5.16463e-04
5959.50  5.15995e-04
5960.00  5.15437e-04
5960.50  5.14797e-04
5961.00  5.14084e-04
5961.50  5.13310e-04
5962.00  5.12496e-04
5962.50  5.11670e-04
5963.00  5.10867e-04
5963.50  5.10125e-04
5964.00  5.09488e-04
5964.50  5.08996e-04
5965.00  5.08687e-04
5965.50  5.08586e-04
5966.00  5.08705e-04
5966.50  5.09042e-04
5967.00  5.09575e-04
5967.50  5.10271e-04
5968.00  5.11083e-04
5968.50  5.11957e-04
5969.00  5.12836e-04
5969.50  5.13660e-04
5970.00  5.14376e-04
5970.50  5.14937e-04
5971.00  5.15304e-04
5971.50  5.15451e-04
5972.00  5.15358e-04
5972.50  5.15019e-04
5973.00  5.14436e-04
5973.50  5.13627e-04
5974.00  5.12617e-04
5974.50  5.11446e-04
5975.00  5.10164e-04
5975.50  5.08831e-04
5976.00  5.07513e-04
5976.50  5.06281e-04
5977.00  5.05197e-04
5977.50  5.04322e-04
5978.00  5.03697e-04
5978.50  5.03342e-04
5979.00  5.03256e-04
5979.50  5.03415e-04
5980.00  5.03768e-04
5980.50  5.04253e-04
5981.00  5.04788e-04
5981.50  5.05295e-04
5982.00  5.05694e-04
5982.50  5.05924e-04
5983.00  5.05936e-04
5983.50  5.05706e-04
5984.00  5.05232e-04
5984.50  5.04538e-04
5985.00  5.03665e-04
5985.50  5.02669e-04
5986.00  5.01617e-04
5986.50  5.00574e-04
5987.00  4.99602e-04
5987.50  4.98750e-04
5988.00  4.98056e-04
5988.50  4.97538e-04
5989.00  4.97193e-04
5989.50  4.97013e-04
5990.00  4.96966e-04
5990.50  4.97016e-04
5991.00  4.97119e-04
5991.50  4.97229e-04
5992.00  4.97310e-04
5992.50  4.97326e-04
5993.00  4.97256e-04
5993.50  4.97079e-04
5994.00  4.96789e-04
5994.50  4.96388e-04
5995.00  4.95886e-04
5995.50  4.95287e-04
5996.00  4.94595e-04
5996.50  4.93810e-04
5997.00  4.92927e-04
5997.50  4.91932e-04
5998.00  4.90810e-04
5998.50  4.89542e-04
5999.00  4.88115e-04
5999.50  4.86515e-04
6000.00  4.84751e-04
6000.50  4.82834e-04
6001.00  4.80793e-04
6001.50  4.78671e-04
6002.00  4.76515e-04
6002.50  4.74386e-04
6003.00  4.72346e-04
6003.50  4.70453e-04
6004.00  4.68765e-04
6004.50  4.67331e-04
6005.00  4.66193e-04
6005.50  4.65383e-04
6006.00  4.64919e-04
6006.50  4.64814e-04
6007.00  4.65063e-04
6007.50  4.65649e-04
6008.00  4.66541e-04
6008.50  4.67697e-04
6009.00  4.69064e-04
6009.50  4.70585e-04
6010.00  4.72200e-04
6010.50  4.73864e-04
6011.00  4.75536e-04
6011.50  4.77190e-04
6012.00  4.78820e-04
6012.50  4.80432e-04
6013.00  4.82039e-04
6013.50  4.83669e-04
6014.00  4.85337e-04
6014.50  4.87056e-04
6015.00  4.88823e-04
6015.50  4.90620e-04
6016.00  4.92408e-04
6016.50  4.94137e-04
6017.00  4.95741e-04
6017.50  4.97152e-04
6018.00  4.98292e-04
6018.50  4.99102e-04
6019.00  4.99528e-04
6019.50  4.99540e-04
6020.00  4.99128e-04
6020.50  4.98310e-04
6021.00  4.97134e-04
6021.50  4.95670e-04
6022.00  4.94014e-04
6022.50  4.92278e-04
6023.00  4.90577e-04
6023.50  4.89030e-04
6024.00  4.87751e-04
6024.50  4.86832e-04
6025.00  4.86341e-04
6025.50  4.86318e-04
6026.00  4.86772e-04
6026.50  4.87680e-04
6027.00  4.88992e-04
6027.50  4.90633e-04
6028.00  4.92517e-04
6028.50  4.94538e-04
6029.00  4.96601e-04
6029.50  4.98612e-04
6030.00  5.00489e-04
6030.50  5.02171e-04
6031.00  5.03616e-04
6031.50  5.04802e-04
6032.00  5.05732e-04
6032.50  5.06422e-04
6033.00  5.06905e-04
6033.50  5.07216e-04
6034.00  5.07399e-04
6034.50  5.07492e-04
6035.00  5.07525e-04
6035.50  5.07521e-04
6036.00  5.07493e-04
6036.50  5.07442e-04
6037.00  5.07365e-04
6037.50  5.07251e-04
6038.00  5.07092e-04
6038.50  5.06881e-04
6039.00  5.06611e-04
6039.50  5.06287e-04
6040.00  5.05922e-04
6040.50  5.05529e-04
6041.00  5.05130e-04
6041.50  5.04748e-04
6042.00  5.04396e-04
6042.50  5.04103e-04
6043.00  5.03883e-04
6043.50  5.03751e-04
6044.00  5.03719e-04
6044.50  5.03796e-04
6045.00  5.03989e-04
6045.50  5.04301e-04
6046.00  5.04732e-04
6046.50  5.05270e-04
6047.00  5.05899e-04
6047.50  5.06585e-04
6048.00  5.07285e-04
6048.50  5.07940e-04
6049.00  5.08481e-04
6049.50  5.08840e-04
6050.00  5.08947e-04
6050.50  5.08743e-04
6051.00  5.08191e-04
6051.50  5.07273e-04
6052.00  5.06014e-04
6052.50  5.04460e-04
6053.00  5.02692e-04
6053.50  5.00812e-04
6054.00  4.98938e-04
6054.50  4.97190e-04
6055.00  4.95681e-04
6055.50  4.94502e-04
6056.00  4.93716e-04
6056.50  4.93350e-04
6057.00  4.93394e-04
6057.50  4.93799e-04
6058.00  4.94490e-04
6058.50  4.95369e-04
6059.00  4.96326e-04
6059.50  4.97254e-04
6060.00  4.98059e-04
6060.50  4.98668e-04
6061.00  4.99038e-04
6061.50  4.99166e-04
6062.00  4.99080e-04
6062.50  4.98837e-04
6063.00  4.98527e-04
6063.50  4.98255e-04
6064.00  4.98129e-04
6064.50  4.98249e-04
6065.00  4.98701e-04
6065.50  4.99549e-04
6066.00  5.00814e-04
6066.50  5.02487e-04
6067.00  5.04521e-04
6067.50  5.06835e-04
6068.00  5.09329e-04
6068.50  5.11878e-04
6069.00  5.14353e-04
6069.50  5.16622e-04
6070.00  5.18559e-04
6070.50  5.20049e-04
6071.00  5.20984e-04
6071.50  5.21282e-04
6072.00  5.20877e-04
6072.50  5.19726e-04
6073.00  5.17812e-04
6073.50  5.15150e-04
6074.00  5.11790e-04
6074.50  5.07821e-04
6075.00  5.03374e-04
6075.50  4.98617e-04
6076.00  4.93750e-04
6076.50  4.88999e-04
6077.00  4.84599e-04
6077.50  4.80776e-04
6078.00  4.77730e-04
6078.50  4.75622e-04
6079.00  4.74556e-04
6079.50  4.74571e-04
6080.00  4.75643e-04
6080.50  4.77675e-04
6081.00  4.80530e-04
6081.50  4.84027e-04
6082.00  4.87961e-04
6082.50  4.92127e-04
6083.00  4.96330e-04
6083.50  5.00397e-04
6084.00  5.04196e-04
6084.50  5.07627e-04
6085.00  5.10636e-04
6085.50  5.13202e-04
6086.00  5.15339e-04
6086.50  5.17085e-04
6087.00  5.18496e-04
6087.50  5.19638e-04
6088.00  5.20581e-04
6088.50  5.21391e-04
6089.00  5.22126e-04
6089.50  5.22838e-04
6090.00  5.23562e-04
6090.50  5.24325e-04
6091.00  5.25137e-04
6091.50  5.26000e-04
6092.00  5.26903e-04
6092.50  5.27826e-04
6093.00  5.28748e-04
6093.50  5.29635e-04
6094.00  5.30452e-04
6094.50  5.31169e-04
6095.00  5.31752e-04
6095.50  5.32171e-04
6096.00  5.32398e-04
6096.50  5.32410e-04
6097.00  5.32190e-04
6097.50  5.31729e-04
6098.00  5.31024e-04
6098.50  5.30080e-04
6099.00  5.28913e-04
6099.50  5.27549e-04
6100.00  5.26025e-04
6100.50  5.24387e-04
6101.00  5.22691e-04
6101.50  5.21002e-04
6102.00  5.19386e-04
6102.50  5.17912e-04
6103.00  5.16642e-04
6103.50  5.15633e-04
6104.00  5.14925e-04
6104.50  5.14540e-04
6105.00  5.14480e-04
6105.50  5.14724e-04
6106.00  5.15238e-04
6106.50  5.15968e-04
6107.00  5.16844e-04
6107.50  5.17799e-04
6108.00  5.18761e-04
6108.50  5.19667e-04
6109.00  5.20461e-04
6109.50  5.21101e-04
6110.00  5.21557e-04
6110.50  5.21812e-04
6111.00  5.21853e-04
6111.50  5.21682e-04
6112.00  5.21298e-04
6112.50  5.20702e-04
6113.00  5.19895e-04
6113.50  5.18877e-04
6114.00  5.17648e-04
6114.50  5.16215e-04
6115.00  5.14583e-04
6115.50  5.12774e-04
6116.00  5.10815e-04
6116.50  5.08745e-04
6117.00  5.06609e-04
6117.50  5.04460e-04
6118.00  5.02357e-04
6118.50  5.00357e-04
6119.00  4.98511e-04
6119.50  4.96863e-04
6120.00  4.95444e-04
6120.50  4.94275e-04
6121.00  4.93362e-04
6121.50  4.92703e-04
6122.00  4.92282e-04
6122.50  4.92077e-04
6123.00  4.92064e-04
6123.50  4.92217e-04
6124.00  4.92515e-04
6124.50  4.92933e-04
6125.00  4.93451e-04
6125.50  4.94048e-04
6126.00  4.94706e-04
6126.50  4.95405e-04
6127.00  4.96119e-04
6127.50  4.96817e-04
6128.00  4.97455e-04
6128.50  4.97981e-04
6129.00  4.98334e-04
6129.50  4.98442e-04
6130.00  4.98228e-04
