5664.50  5.54166e-04
5657.50  5.72196e-04
5658.00  5.68051e-04
5658.50  5.64050e-04
5659.00  5.60248e-04
5659.50  5.56723e-04
5660.00  5.53554e-04
5660.50  5.50826e-04
5661.00  5.48635e-04
5661.50  5.47072e-04
5662.00  5.46224e-04
5662.50  5.46159e-04
5663.00  5.46921e-04
5663.50  5.48524e-04
5664.00  5.50953e-04
5664.50  5.54166e-04
5665.00  5.58088e-04
5665.50  5.62643e-04
5666.00  5.67740e-04
5666.50  5.73284e-04
5667.00  5.79187e-04
5667.50  5.85364e-04
5668.00  5.91735e-04
5668.50  5.98214e-04
5669.00  6.04714e-04
5669.50  6.11141e-04
5670.00  6.17386e-04
5670.50  6.23319e-04
5671.00  6.28827e-04
5671.50  6.33780e-04
5672.00  6.38061e-04
5672.50  6.41561e-04
5673.00  6.44211e-04
5673.50  6.45952e-04
5674.00  6.46770e-04
5674.50  6.46677e-04
5675.00  6.45726e-04
5675.50  6.43985e-04
5676.00  6.41550e-04
5676.50  6.38528e-04
5677.00  6.35039e-04
5677.50  6.31183e-04
5678.00  6.27077e-04
5678.50  6.22819e-04
5679.00  6.18486e-04
5679.50  6.14152e-04
5680.00  6.09878e-04
5680.50  6.05710e-04
5681.00  6.01691e-04
5681.50  5.97869e-04
5682.00  5.94285e-04
5682.50  5.90977e-04
5683.00  5.87991e-04
5683.50  5.85373e-04
5684.00  5.83152e-04
5684.50  5.81366e-04
5685.00  5.80039e-04
5685.50  5.79180e-04
5686.00  5.78788e-04
5686.50  5.78848e-04
5687.00  5.79335e-04
5687.50  5.80205e-04
5688.00  5.81422e-04
5688.50  5.82928e-04
5689.00  5.84665e-04
5689.50  5.86562e-04
5690.00  5.88551e-04
5690.50  5.90549e-04
5691.00  5.92474e-04
5691.50  5.94236e-04
5692.00  5.95750e-04
5692.50  5.96943e-04
5693.00  5.97738e-04
5693.50  5.98091e-04
5694.00  5.97961e-04
5694.50  5.97342e-04
5695.00  5.96250e-04
5695.50  5.94715e-04
5696.00  5.92800e-04
5696.50  5.90569e-04
5697.00  5.88095e-04
5697.50  5.85453e-04
5698.00  5.82704e-04
5698.50  5.79901e-04
5699.00  5.77081e-04
5699.50  5.74254e-04
5700.00  5.71424e-04
5700.50  5.68580e-04
5701.00  5.65704e-04
5701.50  5.62779e-04
5702.00  5.59804e-04
5702.50  5.56791e-04
5703.00  5.53781e-04
5703.50  5.50833e-04
5704.00  5.48043e-04
5704.50  5.45519e-04
5705.00  5.43390e-04
5705.50  5.41787e-04
5706.00  5.40841e-04
5706.50  5.40653e-04
5707.00  5.41308e-04
5707.50  5.42857e-04
5708.00  5.45304e-04
5708.50  5.48614e-04
5709.00  5.52710e-04
5709.50  5.57481e-04
5710.00  5.62777e-04
5710.50  5.68440e-04
5711.00  5.74297e-04
5711.50  5.80175e-04
5712.00  5.85915e-04
5712.50  5.91380e-04
5713.00  5.96454e-04
5713.50  6.01065e-04
5714.00  6.05170e-04
5714.50  6.08760e-04
5715.00  6.11852e-04
5715.50  6.14487e-04
5716.00  6.16723e-04
5716.50  6.18615e-04
5717.00  6.20236e-04
5717.50  6.21649e-04
5718.00  6.22915e-04
5718.50  6.24082e-04
5719.00  6.25193e-04
5719.50  6.26280e-04
5720.00  6.27362e-04
5720.50  6.28445e-04
5721.00  6.29522e-04
5721.50  6.30586e-04
5722.00  6.31611e-04
5722.50  6.32582e-04
5723.00  6.33477e-04
5723.50  6.34288e-04
5724.00  6.35015e-04
5724.50  6.35664e-04
5725.00  6.36262e-04
5725.50  6.36838e-04
5726.00  6.37421e-04
5726.50  6.38044e-04
5727.00  6.38723e-04
5727.50  6.39459e-04
5728.00  6.40237e-04
5728.50  6.41022e-04
5729.00  6.41764e-04
5729.50  6.42406e-04
5730.00  6.42880e-04
5730.50  6.43127e-04
5731.00  6.43094e-04
5731.50  6.42736e-04
5732.00  6.42026e-04
5732.50  6.40951e-04
5733.00  6.39511e-04
5733.50  6.37724e-04
5734.00  6.35612e-04
5734.50  6.33221e-04
5735.00  6.30600e-04
5735.50  6.27816e-04
5736.00  6.24940e-04
5736.50  6.22062e-04
5737.00  6.19278e-04
5737.50  6.16691e-04
5738.00  6.14397e-04
5738.50  6.12498e-04
5739.00  6.11073e-04
5739.50  6.10178e-04
5740.00  6.09848e-04
5740.50  6.10084e-04
5741.00  6.10854e-04
5741.50  6.12097e-04
5742.00  6.13717e-04
5742.50  6.15611e-04
5743.00  6.17655e-04
5743.50  6.19724e-04
5744.00  6.21702e-04
5744.50  6.23481e-04
5745.00  6.24980e-04
5745.50  6.26137e-04
5746.00  6.26922e-04
5746.50  6.27335e-04
5747.00  6.27398e-04
5747.50  6.27157e-04
5748.00  6.26683e-04
5748.50  6.26053e-04
5749.00  6.25346e-04
5749.50  6.24653e-04
5750.00  6.24046e-04
5750.50  6.23579e-04
5751.00  6.23288e-04
5751.50  6.23178e-04
5752.00  6.23222e-04
5752.50  6.23364e-04
5753.00  6.23519e-04
5753.50  6.23581e-04
5754.00  6.23432e-04
5754.50  6.22952e-04
5755.00  6.22034e-04
5755.50  6.20599e-04
5756.00  6.18606e-04
5756.50  6.16059e-04
5757.00  6.13013e-04
5757.50  6.09576e-04
5758.00  6.05899e-04
5758.50  6.02170e-04
5759.00  5.98600e-04
5759.50  5.95409e-04
5760.00  5.92800e-04
5760.50  5.90959e-04
5761.00  5.90020e-04
5761.50  5.90072e-04
5762.00  5.91138e-04
5762.50  5.93182e-04
5763.00  5.96102e-04
5763.50  5.99752e-04
5764.00  6.03939e-04
5764.50  6.08446e-04
5765.00  6.13051e-04
5765.50  6.17535e-04
5766.00  6.21703e-04
5766.50  6.25396e-04
5767.00  6.28487e-04
5767.50  6.30907e-04
5768.00  6.32624e-04
5768.50  6.33648e-04
5769.00  6.34024e-04
5769.50  6.33824e-04
5770.00  6.33142e-04
5770.50  6.32080e-04
5771.00  6.30743e-04
5771.50  6.29244e-04
5772.00  6.27680e-04
5772.50  6.26145e-04
5773.00  6.24718e-04
5773.50  6.23458e-04
5774.00  6.22410e-04
5774.50  6.21595e-04
5775.00  6.21013e-04
5775.50  6.20646e-04
5776.00  6.20452e-04
5776.50  6.20368e-04
5777.00  6.20311e-04
5777.50  6.20199e-04
5778.00  6.19921e-04
5778.50  6.19377e-04
5779.00  6.18464e-04
5779.50  6.17091e-04
5780.00  6.15182e-04
5780.50  6.12687e-04
5781.00  6.09587e-04
5781.50  6.05901e-04
5782.00  6.01685e-04
5782.50  5.97030e-04
5783.00  5.92063e-04
5783.50  5.86931e-04
5784.00  5.81798e-04
5784.50  5.76828e-04
5785.00  5.72178e-04
5785.50  5.67982e-04
5786.00  5.64351e-04
5786.50  5.61363e-04
5787.00  5.59065e-04
5787.50  5.57477e-04
5788.00  5.56597e-04
5788.50  5.56405e-04
5789.00  5.56866e-04
5789.50  5.57942e-04
5790.00  5.59584e-04
5790.50  5.61749e-04
5791.00  5.64383e-04
5791.50  5.67427e-04
5792.00  5.70818e-04
5792.50  5.74484e-04
5793.00  5.78353e-04
5793.50  5.82344e-04
5794.00  5.86383e-04
5794.50  5.90394e-04
5795.00  5.94311e-04
5795.50  5.98070e-04
5796.00  6.01616e-04
5796.50  6.04898e-04
5797.00  6.07871e-04
5797.50  6.10497e-04
5798.00  6.12735e-04
5798.50  6.14558e-04
5799.00  6.15944e-04
5799.50  6.16891e-04
5800.00  6.17405e-04
5800.50  6.17529e-04
5801.00  6.17318e-04
5801.50  6.16860e-04
5802.00  6.16252e-04
5802.50  6.15610e-04
5803.00  6.15042e-04
5803.50  6.14649e-04
5804.00  6.14505e-04
5804.50  6.14654e-04
5805.00  6.15105e-04
5805.50  6.15832e-04
5806.00  6.16770e-04
5806.50  6.17839e-04
5807.00  6.18946e-04
5807.50  6.19997e-04
5808.00  6.20907e-04
5808.50  6.21612e-04
5809.00  6.22069e-04
5809.50  6.22267e-04
5810.00  6.22213e-04
5810.50  6.21942e-04
5811.00  6.21503e-04
5811.50  6.20954e-04
5812.00  6.20364e-04
5812.50  6.19797e-04
5813.00  6.19319e-04
5813.50  6.18985e-04
5814.00  6.18846e-04
5814.50  6.18938e-04
5815.00  6.19287e-04
5815.50  6.19906e-04
5816.00  6.20792e-04
5816.50  6.21926e-04
5817.00  6.23280e-04
5817.50  6.24808e-04
5818.00  6.26461e-04
5818.50  6.28181e-04
5819.00  6.29907e-04
5819.50  6.31586e-04
5820.00  6.33168e-04
5820.50  6.34617e-04
5821.00  6.35909e-04
5821.50  6.37027e-04
5822.00  6.37967e-04
5822.50  6.38732e-04
5823.00  6.39327e-04
5823.50  6.39762e-04
5824.00  6.40034e-04
5824.50  6.40143e-04
5825.00  6.40073e-04
5825.50  6.39798e-04
5826.00  6.39286e-04
5826.50  6.38496e-04
5827.00  6.37385e-04
5827.50  6.35915e-04
5828.00  6.34056e-04
5828.50  6.31794e-04
5829.00  6.29138e-04
5829.50  6.26121e-04
5830.00  6.22807e-04
5830.50  6.19286e-04
5831.00  6.15670e-04
5831.50  6.12093e-04
5832.00  6.08694e-04
5832.50  6.05612e-04
5833.00  6.02969e-04
5833.50  6.00874e-04
5834.00  5.99396e-04
5834.50  5.98572e-04
5835.00  5.98399e-04
5835.50  5.98842e-04
5836.00  5.99832e-04
5836.50  6.01275e-04
5837.00  6.03064e-04
5837.50  6.05080e-04
5838.00  6.07201e-04
5838.50  6.09313e-04
5839.00  6.11309e-04
5839.50  6.13093e-04
5840.00  6.14585e-04
5840.50  6.15719e-04
5841.00  6.16451e-04
5841.50  6.16756e-04
5842.00  6.16635e-04
5842.50  6.16112e-04
5843.00  6.15240e-04
5843.50  6.14091e-04
5844.00  6.12773e-04
5844.50  6.11402e-04
5845.00  6.10107e-04
5845.50  6.09012e-04
5846.00  6.08235e-04
5846.50  6.07867e-04
5847.00  6.07964e-04
5847.50  6.08538e-04
5848.00  6.09560e-04
5848.50  6.10952e-04
5849.00  6.12593e-04
5849.50  6.14333e-04
5850.00  6.16004e-04
5850.50  6.17434e-04
5851.00  6.18461e-04
5851.50  6.18952e-04
5852.00  6.18810e-04
5852.50  6.17986e-04
5853.00  6.16489e-04
5853.50  6.14377e-04
5854.00  6.11761e-04
5854.50  6.08791e-04
5855.00  6.05647e-04
5855.50  6.02522e-04
5856.00  5.99608e-04
5856.50  5.97076e-04
5857.00  5.95063e-04
5857.50  5.93658e-04
5858.00  5.92898e-04
5858.50  5.92761e-04
5859.00  5.93172e-04
5859.50  5.94012e-04
5860.00  5.95129e-04
5860.50  5.96359e-04
5861.00  5.97539e-04
5861.50  5.98535e-04
5862.00  5.99237e-04
5862.50  5.99595e-04
5863.00  5.99606e-04
5863.50  5.99319e-04
5864.00  5.98827e-04
5864.50  5.98257e-04
5865.00  5.97750e-04
5865.50  5.97446e-04
5866.00  5.97469e-04
5866.50  5.97912e-04
5867.00  5.98822e-04
5867.50  6.00205e-04
5868.00  6.02016e-04
5868.50  6.04175e-04
5869.00  6.06570e-04
5869.50  6.09074e-04
5870.00  6.11553e-04
5870.50  6.13882e-04
5871.00  6.15951e-04
5871.50  6.17678e-04
5872.00  6.19006e-04
5872.50  6.19893e-04
5873.00  6.20336e-04
5873.50  6.20347e-04
5874.00  6.19958e-04
5874.50  6.19206e-04
5875.00  6.18148e-04
5875.50  6.16845e-04
5876.00  6.15359e-04
5876.50  6.13767e-04
5877.00  6.12143e-04
5877.50  6.10554e-04
5878.00  6.09065e-04
5878.50  6.07726e-04
5879.00  6.06571e-04
5879.50  6.05611e-04
5880.00  6.04830e-04
5880.50  6.04185e-04
5881.00  6.03609e-04
5881.50  6.03000e-04
5882.00  6.02247e-04
5882.50  6.01234e-04
5883.00  5.99835e-04
5883.50  5.97939e-04
5884.00  5.95456e-04
5884.50  5.92329e-04
5885.00  5.88542e-04
5885.50  5.84127e-04
5886.00  5.79166e-04
5886.50  5.73791e-04
5887.00  5.68172e-04
5887.50  5.62513e-04
5888.00  5.57031e-04
5888.50  5.51936e-04
5889.00  5.47417e-04
5889.50  5.43622e-04
5890.00  5.40642e-04
5890.50  5.38513e-04
5891.00  5.37210e-04
5891.50  5.36660e-04
5892.00  5.36755e-04
5892.50  5.37370e-04
5893.00  5.38386e-04
5893.50  5.39701e-04
5894.00  5.41240e-04
5894.50  5.42961e-04
5895.00  5.44848e-04
5895.50  5.46910e-04
5896.00  5.49156e-04
5896.50  5.51601e-04
5897.00  5.54237e-04
5897.50  5.57036e-04
5898.00  5.59949e-04
5898.50  5.62910e-04
5899.00  5.65837e-04
5899.50  5.68651e-04
5900.00  5.71275e-04
5900.50  5.73648e-04
5901.00  5.75730e-04
5901.50  5.77495e-04
5902.00  5.78940e-04
5902.50  5.80073e-04
5903.00  5.80912e-04
5903.50  5.81479e-04
5904.00  5.81796e-04
5904.50  5.81884e-04
5905.00  5.81761e-04
5905.50  5.81447e-04
5906.00  5.80965e-04
5906.50  5.80342e-04
5907.00  5.79610e-04
5907.50  5.78807e-04
5908.00  5.77975e-04
5908.50  5.77164e-04
5909.00  5.76418e-04
5909.50  5.75780e-04
5910.00  5.75282e-04
5910.50  5.74949e-04
5911.00  5.74783e-04
5911.50  5.74784e-04
5912.00  5.74938e-04
5912.50  5.75223e-04
5913.00  5.75615e-04
5913.50  5.76093e-04
5914.00  5.76642e-04
5914.50  5.77259e-04
5915.00  5.77949e-04
5915.50  5.78727e-04
5916.00  5.79615e-04
5916.50  5.80634e-04
5917.00  5.81807e-04
5917.50  5.83144e-04
5918.00  5.84648e-04
5918.50  5.86309e-04
5919.00  5.88103e-04
5919.50  5.89995e-04
5920.00  5.91943e-04
5920.50  5.93899e-04
5921.00  5.95819e-04
5921.50  5.97662e-04
5922.00  5.99396e-04
5922.50  6.01002e-04
5923.00  6.02466e-04
5923.50  6.03789e-04
5924.00  6.04978e-04
5924.50  6.06046e-04
5925.00  6.07002e-04
5925.50  6.07866e-04
5926.00  6.08652e-04
5926.50  6.09370e-04
5927.00  6.10025e-04
5927.50  6.10627e-04
5928.00  6.11179e-04
5928.50  6.11683e-04
5929.00  6.12137e-04
5929.50  6.12539e-04
5930.00  6.12887e-04
5930.50  6.13174e-04
5931.00  6.13392e-04
5931.50  6.13532e-04
5932.00  6.13582e-04
5932.50  6.13529e-04
5933.00  6.13361e-04
5933.50  6.13057e-04
5934.00  6.12608e-04
5934.50  6.11996e-04
5935.00  6.11217e-04
5935.50  6.10265e-04
5936.00  6.09140e-04
5936.50  6.07850e-04
5937.00  6.06411e-04
5937.50  6.04846e-04
5938.00  6.03187e-04
5938.50  6.01467e-04
5939.00  5.99724e-04
5939.50  5.97993e-04
5940.00  5.96303e-04
5940.50  5.94675e-04
5941.00  5.93115e-04
5941.50  5.91621e-04
5942.00  5.90179e-04
5942.50  5.88767e-04
5943.00  5.87366e-04
5943.50  5.85957e-04
5944.00  5.84538e-04
5944.50  5.83121e-04
5945.00  5.81739e-04
5945.50  5.80445e-04
5946.00  5.79306e-04
5946.50  5.78399e-04
5947.00  5.77803e-04
5947.50  5.77587e-04
5948.00  5.77801e-04
5948.50  5.78472e-04
5949.00  5.79595e-04
5949.50  5.81138e-04
5950.00  5.83040e-04
5950.50  5.85218e-04
5951.00  5.87578e-04
5951.50  5.90020e-04
5952.00  5.92447e-04
5952.50  5.94776e-04
5953.00  5.96937e-04
5953.50  5.98881e-04
5954.00  6.00576e-04
5954.50  6.02010e-04
5955.00  6.03184e-04
5955.50  6.04113e-04
5956.00  6.04812e-04
5956.50  6.05304e-04
5957.00  6.05609e-04
5957.50  6.05743e-04
5958.00  6.05718e-04
5958.50  6.05536e-04
5959.00  6.05198e-04
5959.50  6.04701e-04
5960.00  6.04044e-04
5960.50  6.03226e-04
5961.00  6.02254e-04
5961.50  6.01147e-04
5962.00  5.99935e-04
5962.50  5.98658e-04
5963.00  5.97374e-04
5963.50  5.96141e-04
5964.00  5.95030e-04
5964.50  5.94102e-04
5965.00  5.93420e-04
5965.50  5.93025e-04
5966.00  5.92942e-04
5966.50  5.93175e-04
5967.00  5.93703e-04
5967.50  5.94485e-04
5968.00  5.95460e-04
5968.50  5.96557e-04
5969.00  5.97697e-04
5969.50  5.98802e-04
5970.00  5.99795e-04
5970.50  6.00612e-04
5971.00  6.01200e-04
5971.50  6.01520e-04
5972.00  6.01549e-04
5972.50  6.01277e-04
5973.00  6.00709e-04
5973.50  5.99869e-04
5974.00  5.98788e-04
5974.50  5.97514e-04
5975.00  5.96106e-04
5975.50  5.94630e-04
5976.00  5.93159e-04
5976.50  5.91768e-04
5977.00  5.90523e-04
5977.50  5.89486e-04
5978.00  5.88699e-04
5978.50  5.88180e-04
5979.00  5.87927e-04
5979.50  5.87911e-04
5980.00  5.88081e-04
5980.50  5.88368e-04
5981.00  5.88687e-04
5981.50  5.88955e-04
5982.00  5.89091e-04
5982.50  5.89027e-04
5983.00  5.88714e-04
5983.50  5.88126e-04
5984.00  5.87261e-04
5984.50  5.86144e-04
5985.00  5.84816e-04
5985.50  5.83341e-04
5986.00  5.81788e-04
5986.50  5.80230e-04
5987.00  5.78740e-04
5987.50  5.77377e-04
5988.00  5.76191e-04
5988.50  5.75213e-04
5989.00  5.74457e-04
5989.50  5.73930e-04
5990.00  5.73614e-04
5990.50  5.73486e-04
5991.00  5.73516e-04
5991.50  5.73664e-04
5992.00  5.73899e-04
5992.50  5.74184e-04
5993.00  5.74490e-04
5993.50  5.74786e-04
5994.00  5.75044e-04
5994.50  5.75246e-04
5995.00  5.75371e-04
5995.50  5.75391e-04
5996.00  5.75277e-04
5996.50  5.74993e-04
5997.00  5.74497e-04
5997.50  5.73745e-04
5998.00  5.72694e-04
5998.50  5.71306e-04
5999.00  5.69553e-04
5999.50  5.67416e-04
6000.00  5.64913e-04
6000.50  5.62069e-04
6001.00  5.58940e-04
6001.50  5.55601e-04
6002.00  5.52138e-04
6002.50  5.48657e-04
6003.00  5.45267e-04
6003.50  5.42074e-04
6004.00  5.39179e-04
6004.50  5.36674e-04
6005.00  5.34635e-04
6005.50  5.33123e-04
6006.00  5.32178e-04
6006.50  5.31821e-04
6007.00  5.32049e-04
6007.50  5.32836e-04
6008.00  5.34133e-04
6008.50  5.35870e-04
6009.00  5.37959e-04
6009.50  5.40307e-04
6010.00  5.42812e-04
6010.50  5.45394e-04
6011.00  5.47974e-04
6011.50  5.50503e-04
6012.00  5.52954e-04
6012.50  5.55326e-04
6013.00  5.57629e-04
6013.50  5.59895e-04
6014.00  5.62151e-04
6014.50  5.64417e-04
6015.00  5.66699e-04
6015.50  5.68985e-04
6016.00  5.71237e-04
6016.50  5.73396e-04
6017.00  5.75389e-04
6017.50  5.77133e-04
6018.00  5.78532e-04
6018.50  5.79511e-04
6019.00  5.80006e-04
6019.50  5.79975e-04
6020.00  5.79407e-04
6020.50  5.78322e-04
6021.00  5.76779e-04
6021.50  5.74866e-04
6022.00  5.72701e-04
6022.50  5.70419e-04
6023.00  5.68164e-04
6023.50  5.66078e-04
6024.00  5.64300e-04
6024.50  5.62944e-04
6025.00  5.62094e-04
6025.50  5.61802e-04
6026.00  5.62085e-04
6026.50  5.62923e-04
6027.00  5.64263e-04
6027.50  5.66023e-04
6028.00  5.68109e-04
6028.50  5.70400e-04
6029.00  5.72789e-04
6029.50  5.75166e-04
6030.00  5.77435e-04
6030.50  5.79523e-04
6031.00  5.81376e-04
6031.50  5.82966e-04
6032.00  5.84289e-04
6032.50  5.85361e-04
6033.00  5.86211e-04
6033.50  5.86876e-04
6034.00  5.87399e-04
6034.50  5.87813e-04
6035.00  5.88146e-04
6035.50  5.88413e-04
6036.00  5.88618e-04
6036.50  5.88756e-04
6037.00  5.88815e-04
6037.50  5.88782e-04
6038.00  5.88648e-04
6038.50  5.88410e-04
6039.00  5.88069e-04
6039.50  5.87645e-04
6040.00  5.87164e-04
6040.50  5.86656e-04
6041.00  5.86157e-04
6041.50  5.85703e-04
6042.00  5.85309e-04
6042.50  5.85009e-04
6043.00  5.84813e-04
6043.50  5.84726e-04
6044.00  5.84747e-04
6044.50  5.84872e-04
6045.00  5.85092e-04
6045.50  5.85400e-04
6046.00  5.85782e-04
6046.50  5.86221e-04
6047.00  5.86695e-04
6047.50  5.87174e-04
6048.00  5.87614e-04
6048.50  5.87966e-04
6049.00  5.88166e-04
6049.50  5.88155e-04
6050.00  5.87873e-04
6050.50  5.87271e-04
6051.00  5.86320e-04
6051.50  5.85013e-04
6052.00  5.83384e-04
6052.50  5.81491e-04
6053.00  5.79425e-04
6053.50  5.77300e-04
6054.00  5.75243e-04
6054.50  5.73386e-04
6055.00  5.71847e-04
6055.50  5.70723e-04
6056.00  5.70075e-04
6056.50  5.69923e-04
6057.00  5.70243e-04
6057.50  5.70971e-04
6058.00  5.72008e-04
6058.50  5.73228e-04
6059.00  5.74498e-04
6059.50  5.75683e-04
6060.00  5.76668e-04
6060.50  5.77367e-04
6061.00  5.77732e-04
6061.50  5.77757e-04
6062.00  5.77483e-04
6062.50  5.76984e-04
6063.00  5.76370e-04
6063.50  5.75770e-04
6064.00  5.75320e-04
6064.50  5.75139e-04
6065.00  5.75334e-04
6065.50  5.75981e-04
6066.00  5.77108e-04
6066.50  5.78704e-04
6067.00  5.80716e-04
6067.50  5.83053e-04
6068.00  5.85600e-04
6068.50  5.88217e-04
6069.00  5.90759e-04
6069.50  5.93080e-04
6070.00  5.95038e-04
6070.50  5.96511e-04
6071.00  5.97380e-04
6071.50  5.97558e-04
6072.00  5.96975e-04
6072.50  5.95586e-04
6073.00  5.93374e-04
6073.50  5.90356e-04
6074.00  5.86588e-04
6074.50  5.82167e-04
6075.00  5.77232e-04
6075.50  5.71967e-04
6076.00  5.66590e-04
6076.50  5.61345e-04
6077.00  5.56490e-04
6077.50  5.52273e-04
6078.00  5.48914e-04
6078.50  5.46594e-04
6079.00  5.45429e-04
6079.50  5.45468e-04
6080.00  5.46687e-04
6080.50  5.48982e-04
6081.00  5.52205e-04
6081.50  5.56152e-04
6082.00  5.60597e-04
6082.50  5.65306e-04
6083.00  5.70056e-04
6083.50  5.74651e-04
6084.00  5.78934e-04
6084.50  5.82791e-04
6085.00  5.86156e-04
6085.50  5.89006e-04
6086.00  5.91356e-04
6086.50  5.93254e-04
6087.00  5.94766e-04
6087.50  5.95972e-04
6088.00  5.96954e-04
6088.50  5.97789e-04
6089.00  5.98547e-04
6089.50  5.99281e-04
6090.00  6.00029e-04
6090.50  6.00812e-04
6091.00  6.01636e-04
6091.50  6.02494e-04
6092.00  6.03367e-04
6092.50  6.04228e-04
6093.00  6.05051e-04
6093.50  6.05801e-04
6094.00  6.06446e-04
6094.50  6.06964e-04
6095.00  6.07333e-04
6095.50  6.07539e-04
6096.00  6.07572e-04
6096.50  6.07425e-04
6097.00  6.07098e-04
6097.50  6.06595e-04
6098.00  6.05922e-04
6098.50  6.05086e-04
6099.00  6.04096e-04
6099.50  6.02966e-04
6100.00  6.01713e-04
6100.50  6.00358e-04
6101.00  5.98929e-04
6101.50  5.97459e-04
6102.00  5.95986e-04
6102.50  5.94556e-04
6103.00  5.93211e-04
6103.50  5.92001e-04
6104.00  5.90966e-04
6104.50  5.90140e-04
6105.00  5.89546e-04
6105.50  5.89192e-04
6106.00  5.89080e-04
6106.50  5.89190e-04
6107.00  5.89490e-04
6107.50  5.89942e-04
6108.00  5.90498e-04
6108.50  5.91106e-04
6109.00  5.91712e-04
6109.50  5.92263e-04
6110.00  5.92709e-04
6110.50  5.93004e-04
6111.00  5.93101e-04
6111.50  5.92968e-04
6112.00  5.92569e-04
6112.50  5.91876e-04
6113.00  5.90874e-04
6113.50  5.89551e-04
6114.00  5.87915e-04
6114.50  5.85987e-04
6115.00  5.83799e-04
6115.50  5.81411e-04
6116.00  5.78890e-04
6116.50  5.76319e-04
6117.00  5.73786e-04
6117.50  5.71378e-04
6118.00  5.69180e-04
6118.50  5.67259e-04
6119.00  5.65663e-04
6119.50  5.64419e-04
6120.00  5.63524e-04
6120.50  5.62951e-04
6121.00  5.62653e-04
6121.50  5.62568e-04
6122.00  5.62623e-04
6122.50  5.62745e-04
6123.00  5.62870e-04
6123.50  5.62951e-04
6124.00  5.62961e-04
6124.50  5.62891e-04
6125.00  5.62751e-04
6125.50  5.62569e-04
6126.00  5.62379e-04
6126.50  5.62217e-04
6127.00  5.62114e-04
6127.50  5.62078e-04
6128.00  5.62095e-04
6128.50  5.62122e-04
6129.00  5.62091e-04
6129.50  5.61905e-04
6130.00  5.61450e-04
