5664.50  4.44029e-05
5657.50  4.56474e-05
5658.00  4.53403e-05
5658.50  4.50443e-05
5659.00  4.47634e-05
5659.50  4.45035e-05
5660.00  4.42704e-05
5660.50  4.40710e-05
5661.00  4.39124e-05
5661.50  4.38019e-05
5662.00  4.37463e-05
5662.50  4.37507e-05
5663.00  4.38186e-05
5663.50  4.39511e-05
5664.00  4.41470e-05
5664.50  4.44029e-05
5665.00  4.47127e-05
5665.50  4.50706e-05
5666.00  4.54691e-05
5666.50  4.59008e-05
5667.00  4.63587e-05
5667.50  4.68358e-05
5668.00  4.73259e-05
5668.50  4.78221e-05
5669.00  4.83178e-05
5669.50  4.88056e-05
5670.00  4.92774e-05
5670.50  4.97231e-05
5671.00  5.01345e-05
5671.50  5.05018e-05
5672.00  5.08165e-05
5672.50  5.10704e-05
5673.00  5.12588e-05
5673.50  5.13774e-05
5674.00  5.14257e-05
5674.50  5.14049e-05
5675.00  5.13194e-05
5675.50  5.11745e-05
5676.00  5.09781e-05
5676.50  5.07387e-05
5677.00  5.04654e-05
5677.50  5.01661e-05
5678.00  4.98499e-05
5678.50  4.95242e-05
5679.00  4.91949e-05
5679.50  4.88676e-05
5680.00  4.85465e-05
5680.50  4.82353e-05
5681.00  4.79366e-05
5681.50  4.76541e-05
5682.00  4.73907e-05
5682.50  4.71489e-05
5683.00  4.69322e-05
5683.50  4.67439e-05
5684.00  4.65861e-05
5684.50  4.64614e-05
5685.00  4.63717e-05
5685.50  4.63174e-05
5686.00  4.62982e-05
5686.50  4.63126e-05
5687.00  4.63585e-05
5687.50  4.64324e-05
5688.00  4.65309e-05
5688.50  4.66497e-05
5689.00  4.67840e-05
5689.50  4.69285e-05
5690.00  4.70779e-05
5690.50  4.72260e-05
5691.00  4.73669e-05
5691.50  4.74942e-05
5692.00  4.76017e-05
5692.50  4.76843e-05
5693.00  4.77368e-05
5693.50  4.77562e-05
5694.00  4.77399e-05
5694.50  4.76877e-05
5695.00  4.76010e-05
5695.50  4.74823e-05
5696.00  4.73364e-05
5696.50  4.71679e-05
5697.00  4.69822e-05
5697.50  4.67846e-05
5698.00  4.65795e-05
5698.50  4.63706e-05
5699.00  4.61602e-05
5699.50  4.59488e-05
5700.00  4.57366e-05
5700.50  4.55223e-05
5701.00  4.53047e-05
5701.50  4.50823e-05
5702.00  4.48551e-05
5702.50  4.46240e-05
5703.00  4.43925e-05
5703.50  4.41651e-05
5704.00  4.39494e-05
5704.50  4.37537e-05
5705.00  4.35882e-05
5705.50  4.34631e-05
5706.00  4.33884e-05
5706.50  4.33721e-05
5707.00  4.34206e-05
5707.50  4.35381e-05
5708.00  4.37247e-05
5708.50  4.39778e-05
5709.00  4.42913e-05
5709.50  4.46569e-05
5710.00  4.50628e-05
5710.50  4.54969e-05
5711.00  4.59457e-05
5711.50  4.63959e-05
5712.00  4.68352e-05
5712.50  4.72531e-05
5713.00  4.76407e-05
5713.50  4.79923e-05
5714.00  4.83049e-05
5714.50  4.85779e-05
5715.00  4.88128e-05
5715.50  4.90129e-05
5716.00  4.91829e-05
5716.50  4.93271e-05
5717.00  4.94514e-05
5717.50  4.95605e-05
5718.00  4.96591e-05
5718.50  4.97507e-05
5719.00  4.98386e-05
5719.50  4.99248e-05
5720.00  5.00104e-05
5720.50  5.00958e-05
5721.00  5.01800e-05
5721.50  5.02624e-05
5722.00  5.03408e-05
5722.50  5.04139e-05
5723.00  5.04803e-05
5723.50  5.05393e-05
5724.00  5.05912e-05
5724.50  5.06367e-05
5725.00  5.06783e-05
5725.50  5.07184e-05
5726.00  5.07596e-05
5726.50  5.08046e-05
5727.00  5.08548e-05
5727.50  5.09105e-05
5728.00  5.09706e-05
5728.50  5.10324e-05
5729.00  5.10920e-05
5729.50  5.11449e-05
5730.00  5.11858e-05
5730.50  5.12101e-05
5731.00  5.12133e-05
5731.50  5.11920e-05
5732.00  5.11441e-05
5732.50  5.10683e-05
5733.00  5.09647e-05
5733.50  5.08346e-05
5734.00  5.06798e-05
5734.50  5.05037e-05
5735.00  5.03102e-05
5735.50  5.01043e-05
5736.00  4.98915e-05
5736.50  4.96787e-05
5737.00  4.94733e-05
5737.50  4.92829e-05
5738.00  4.91149e-05
5738.50  4.89771e-05
5739.00  4.88753e-05
5739.50  4.88141e-05
5740.00  4.87959e-05
5740.50  4.88209e-05
5741.00  4.88866e-05
5741.50  4.89885e-05
5742.00  4.91192e-05
5742.50  4.92708e-05
5743.00  4.94338e-05
5743.50  4.95987e-05
5744.00  4.97566e-05
5744.50  4.98991e-05
5745.00  5.00201e-05
5745.50  5.01146e-05
5746.00  5.01805e-05
5746.50  5.02173e-05
5747.00  5.02268e-05
5747.50  5.02124e-05
5748.00  5.01791e-05
5748.50  5.01330e-05
5749.00  5.00796e-05
5749.50  5.00260e-05
5750.00  4.99773e-05
5750.50  4.99379e-05
5751.00  4.99102e-05
5751.50  4.98947e-05
5752.00  4.98891e-05
5752.50  4.98893e-05
5753.00  4.98888e-05
5753.50  4.98796e-05
5754.00  4.98528e-05
5754.50  4.97995e-05
5755.00  4.97116e-05
5755.50  4.95837e-05
5756.00  4.94127e-05
5756.50  4.91993e-05
5757.00  4.89481e-05
5757.50  4.86674e-05
5758.00  4.83692e-05
5758.50  4.80679e-05
5759.00  4.77798e-05
5759.50  4.75216e-05
5760.00  4.73089e-05
5760.50  4.71559e-05
5761.00  4.70728e-05
5761.50  4.70664e-05
5762.00  4.71384e-05
5762.50  4.72862e-05
5763.00  4.75019e-05
5763.50  4.77744e-05
5764.00  4.80892e-05
5764.50  4.84295e-05
5765.00  4.87786e-05
5765.50  4.91198e-05
5766.00  4.94381e-05
5766.50  4.97213e-05
5767.00  4.99597e-05
5767.50  5.01478e-05
5768.00  5.02831e-05
5768.50  5.03661e-05
5769.00  5.03999e-05
5769.50  5.03900e-05
5770.00  5.03433e-05
5770.50  5.02674e-05
5771.00  5.01702e-05
5771.50  5.00604e-05
5772.00  4.99453e-05
5772.50  4.98322e-05
5773.00  4.97271e-05
5773.50  4.96347e-05
5774.00  4.95584e-05
5774.50  4.95000e-05
5775.00  4.94592e-05
5775.50  4.94349e-05
5776.00  4.94235e-05
5776.50  4.94202e-05
5777.00  4.94185e-05
5777.50  4.94118e-05
5778.00  4.93917e-05
5778.50  4.93503e-05
5779.00  4.92798e-05
5779.50  4.91730e-05
5780.00  4.90243e-05
5780.50  4.88299e-05
5781.00  4.85883e-05
5781.50  4.83011e-05
5782.00  4.79726e-05
5782.50  4.76100e-05
5783.00  4.72228e-05
5783.50  4.68226e-05
5784.00  4.64219e-05
5784.50  4.60334e-05
5785.00  4.56692e-05
5785.50  4.53399e-05
5786.00  4.50539e-05
5786.50  4.48175e-05
5787.00  4.46346e-05
5787.50  4.45069e-05
5788.00  4.44345e-05
5788.50  4.44162e-05
5789.00  4.44495e-05
5789.50  4.45317e-05
5790.00  4.46594e-05
5790.50  4.48292e-05
5791.00  4.50371e-05
5791.50  4.52786e-05
5792.00  4.55484e-05
5792.50  4.58411e-05
5793.00  4.61507e-05
5793.50  4.64704e-05
5794.00  4.67941e-05
5794.50  4.71156e-05
5795.00  4.74292e-05
5795.50  4.77296e-05
5796.00  4.80121e-05
5796.50  4.82725e-05
5797.00  4.85075e-05
5797.50  4.87138e-05
5798.00  4.88888e-05
5798.50  4.90304e-05
5799.00  4.91373e-05
5799.50  4.92096e-05
5800.00  4.92484e-05
5800.50  4.92569e-05
5801.00  4.92398e-05
5801.50  4.92038e-05
5802.00  4.91562e-05
5802.50  4.91060e-05
5803.00  4.90610e-05
5803.50  4.90289e-05
5804.00  4.90149e-05
5804.50  4.90225e-05
5805.00  4.90521e-05
5805.50  4.91018e-05
5806.00  4.91665e-05
5806.50  4.92403e-05
5807.00  4.93164e-05
5807.50  4.93879e-05
5808.00  4.94484e-05
5808.50  4.94933e-05
5809.00  4.95197e-05
5809.50  4.95268e-05
5810.00  4.95153e-05
5810.50  4.94880e-05
5811.00  4.94485e-05
5811.50  4.94013e-05
5812.00  4.93516e-05
5812.50  4.93040e-05
5813.00  4.92636e-05
5813.50  4.92344e-05
5814.00  4.92201e-05
5814.50  4.92236e-05
5815.00  4.92468e-05
5815.50  4.92905e-05
5816.00  4.93546e-05
5816.50  4.94375e-05
5817.00  4.95370e-05
5817.50  4.96497e-05
5818.00  4.97716e-05
5818.50  4.98982e-05
5819.00  5.00248e-05
5819.50  5.01471e-05
5820.00  5.02613e-05
5820.50  5.03645e-05
5821.00  5.04549e-05
5821.50  5.05311e-05
5822.00  5.05930e-05
5822.50  5.06409e-05
5823.00  5.06757e-05
5823.50  5.06981e-05
5824.00  5.07085e-05
5824.50  5.07072e-05
5825.00  5.06933e-05
5825.50  5.06653e-05
5826.00  5.06210e-05
5826.50  5.05576e-05
5827.00  5.04719e-05
5827.50  5.03612e-05
5828.00  5.02230e-05
5828.50  5.00563e-05
5829.00  4.98614e-05
5829.50  4.96409e-05
5830.00  4.93990e-05
5830.50  4.91426e-05
5831.00  4.88797e-05
5831.50  4.86202e-05
5832.00  4.83743e-05
5832.50  4.81524e-05
5833.00  4.79635e-05
5833.50  4.78156e-05
5834.00  4.77136e-05
5834.50  4.76601e-05
5835.00  4.76547e-05
5835.50  4.76944e-05
5836.00  4.77739e-05
5836.50  4.78860e-05
5837.00  4.80224e-05
5837.50  4.81739e-05
5838.00  4.83317e-05
5838.50  4.84870e-05
5839.00  4.86319e-05
5839.50  4.87594e-05
5840.00  4.88639e-05
5840.50  4.89407e-05
5841.00  4.89869e-05
5841.50  4.90010e-05
5842.00  4.89834e-05
5842.50  4.89364e-05
5843.00  4.88642e-05
5843.50  4.87724e-05
5844.00  4.86695e-05
5844.50  4.85641e-05
5845.00  4.84658e-05
5845.50  4.83840e-05
5846.00  4.83272e-05
5846.50  4.83020e-05
5847.00  4.83124e-05
5847.50  4.83589e-05
5848.00  4.84388e-05
5848.50  4.85462e-05
5849.00  4.86713e-05
5849.50  4.88027e-05
5850.00  4.89276e-05
5850.50  4.90329e-05
5851.00  4.91066e-05
5851.50  4.91385e-05
5852.00  4.91216e-05
5852.50  4.90525e-05
5853.00  4.89322e-05
5853.50  4.87654e-05
5854.00  4.85609e-05
5854.50  4.83302e-05
5855.00  4.80873e-05
5855.50  4.78470e-05
5856.00  4.76239e-05
5856.50  4.74308e-05
5857.00  4.72781e-05
5857.50  4.71725e-05
5858.00  4.71163e-05
5858.50  4.71077e-05
5859.00  4.71406e-05
5859.50  4.72059e-05
5860.00  4.72918e-05
5860.50  4.73857e-05
5861.00  4.74752e-05
5861.50  4.75499e-05
5862.00  4.76017e-05
5862.50  4.76269e-05
5863.00  4.76253e-05
5863.50  4.76008e-05
5864.00  4.75606e-05
5864.50  4.75143e-05
5865.00  4.74728e-05
5865.50  4.74468e-05
5866.00  4.74456e-05
5866.50  4.74762e-05
5867.00  4.75422e-05
5867.50  4.76438e-05
5868.00  4.77778e-05
5868.50  4.79377e-05
5869.00  4.81152e-05
5869.50  4.83004e-05
5870.00  4.84833e-05
5870.50  4.86544e-05
5871.00  4.88055e-05
5871.50  4.89303e-05
5872.00  4.90247e-05
5872.50  4.90856e-05
5873.00  4.91129e-05
5873.50  4.91076e-05
5874.00  4.90721e-05
5874.50  4.90095e-05
5875.00  4.89239e-05
5875.50  4.88200e-05
5876.00  4.87025e-05
5876.50  4.85774e-05
5877.00  4.84499e-05
5877.50  4.83252e-05
5878.00  4.82081e-05
5878.50  4.81023e-05
5879.00  4.80104e-05
5879.50  4.79330e-05
5880.00  4.78691e-05
5880.50  4.78152e-05
5881.00  4.77662e-05
5881.50  4.77145e-05
5882.00  4.76515e-05
5882.50  4.75684e-05
5883.00  4.74558e-05
5883.50  4.73050e-05
5884.00  4.71095e-05
5884.50  4.68648e-05
5885.00  4.65697e-05
5885.50  4.62268e-05
5886.00  4.58424e-05
5886.50  4.54265e-05
5887.00  4.49925e-05
5887.50  4.45559e-05
5888.00  4.41333e-05
5888.50  4.37408e-05
5889.00  4.33931e-05
5889.50  4.31011e-05
5890.00  4.28721e-05
5890.50  4.27083e-05
5891.00  4.26080e-05
5891.50  4.25651e-05
5892.00  4.25715e-05
5892.50  4.26174e-05
5893.00  4.26937e-05
5893.50  4.27925e-05
5894.00  4.29082e-05
5894.50  4.30377e-05
5895.00  4.31801e-05
5895.50  4.33361e-05
5896.00  4.35069e-05
5896.50  4.36938e-05
5897.00  4.38964e-05
5897.50  4.41127e-05
5898.00  4.43390e-05
5898.50  4.45702e-05
5899.00  4.48002e-05
5899.50  4.50227e-05
5900.00  4.52315e-05
5900.50  4.54218e-05
5901.00  4.55902e-05
5901.50  4.57344e-05
5902.00  4.58538e-05
5902.50  4.59486e-05
5903.00  4.60199e-05
5903.50  4.60691e-05
5904.00  4.60978e-05
5904.50  4.61074e-05
5905.00  4.60993e-05
5905.50  4.60751e-05
5906.00  4.60368e-05
5906.50  4.59867e-05
5907.00  4.59275e-05
5907.50  4.58625e-05
5908.00  4.57953e-05
5908.50  4.57301e-05
5909.00  4.56704e-05
5909.50  4.56197e-05
5910.00  4.55808e-05
5910.50  4.55555e-05
5911.00  4.55439e-05
5911.50  4.55461e-05
5912.00  4.55608e-05
5912.50  4.55861e-05
5913.00  4.56200e-05
5913.50  4.56608e-05
5914.00  4.57071e-05
5914.50  4.57584e-05
5915.00  4.58150e-05
5915.50  4.58777e-05
5916.00  4.59482e-05
5916.50  4.60279e-05
5917.00  4.61185e-05
5917.50  4.62207e-05
5918.00  4.63346e-05
5918.50  4.64597e-05
5919.00  4.65939e-05
5919.50  4.67347e-05
5920.00  4.68790e-05
5920.50  4.70232e-05
5921.00  4.71642e-05
5921.50  4.72988e-05
5922.00  4.74249e-05
5922.50  4.75411e-05
5923.00  4.76466e-05
5923.50  4.77415e-05
5924.00  4.78266e-05
5924.50  4.79029e-05
5925.00  4.79713e-05
5925.50  4.80334e-05
5926.00  4.80901e-05
5926.50  4.81426e-05
5927.00  4.81910e-05
5927.50  4.82362e-05
5928.00  4.82783e-05
5928.50  4.83174e-05
5929.00  4.83534e-05
5929.50  4.83859e-05
5930.00  4.84147e-05
5930.50  4.84390e-05
5931.00  4.84582e-05
5931.50  4.84714e-05
5932.00  4.84776e-05
5932.50  4.84756e-05
5933.00  4.84644e-05
5933.50  4.84425e-05
5934.00  4.84091e-05
5934.50  4.83630e-05
5935.00  4.83039e-05
5935.50  4.82314e-05
5936.00  4.81456e-05
5936.50  4.80475e-05
5937.00  4.79381e-05
5937.50  4.78195e-05
5938.00  4.76940e-05
5938.50  4.75642e-05
5939.00  4.74329e-05
5939.50  4.73027e-05
5940.00  4.71756e-05
5940.50  4.70529e-05
5941.00  4.69351e-05
5941.50  4.68219e-05
5942.00  4.67118e-05
5942.50  4.66034e-05
5943.00  4.64950e-05
5943.50  4.63854e-05
5944.00  4.62744e-05
5944.50  4.61632e-05
5945.00  4.60543e-05
5945.50  4.59520e-05
5946.00  4.58616e-05
5946.50  4.57890e-05
5947.00  4.57404e-05
5947.50  4.57209e-05
5948.00  4.57347e-05
5948.50  4.57835e-05
5949.00  4.58671e-05
5949.50  4.59830e-05
5950.00  4.61265e-05
5950.50  4.62913e-05
5951.00  4.64703e-05
5951.50  4.66557e-05
5952.00  4.68402e-05
5952.50  4.70174e-05
5953.00  4.71819e-05
5953.50  4.73299e-05
5954.00  4.74589e-05
5954.50  4.75678e-05
5955.00  4.76566e-05
5955.50  4.77264e-05
5956.00  4.77783e-05
5956.50  4.78141e-05
5957.00  4.78353e-05
5957.50  4.78432e-05
5958.00  4.78387e-05
5958.50  4.78224e-05
5959.00  4.77944e-05
5959.50  4.77548e-05
5960.00  4.77034e-05
5960.50  4.76404e-05
5961.00  4.75666e-05
5961.50  4.74833e-05
5962.00  4.73928e-05
5962.50  4.72980e-05
5963.00  4.72035e-05
5963.50  4.71132e-05
5964.00  4.70325e-05
5964.50  4.69659e-05
5965.00  4.69180e-05
5965.50  4.68919e-05
5966.00  4.68893e-05
5966.50  4.69104e-05
5967.00  4.69537e-05
5967.50  4.70160e-05
5968.00  4.70929e-05
5968.50  4.71788e-05
5969.00  4.72680e-05
5969.50  4.73544e-05
5970.00  4.74323e-05
5970.50  4.74968e-05
5971.00  4.75440e-05
5971.50  4.75709e-05
5972.00  4.75757e-05
5972.50  4.75578e-05
5973.00  4.75174e-05
5973.50  4.74566e-05
5974.00  4.73777e-05
5974.50  4.72843e-05
5975.00  4.71810e-05
5975.50  4.70730e-05
5976.00  4.69657e-05
5976.50  4.68648e-05
5977.00  4.67754e-05
5977.50  4.67020e-05
5978.00  4.66477e-05
5978.50  4.66137e-05
5979.00  4.65996e-05
5979.50  4.66032e-05
5980.00  4.66201e-05
5980.50  4.66452e-05
5981.00  4.66719e-05
5981.50  4.66938e-05
5982.00  4.67046e-05
5982.50  4.66995e-05
5983.00  4.66748e-05
5983.50  4.66288e-05
5984.00  4.65616e-05
5984.50  4.64754e-05
5985.00  4.63737e-05
5985.50  4.62615e-05
5986.00  4.61445e-05
5986.50  4.60283e-05
5987.00  4.59183e-05
5987.50  4.58191e-05
5988.00  4.57343e-05
5988.50  4.56659e-05
5989.00  4.56145e-05
5989.50  4.55803e-05
5990.00  4.55615e-05
5990.50  4.55561e-05
5991.00  4.55614e-05
5991.50  4.55741e-05
5992.00  4.55919e-05
5992.50  4.56120e-05
5993.00  4.56322e-05
5993.50  4.56504e-05
5994.00  4.56648e-05
5994.50  4.56741e-05
5995.00  4.56773e-05
5995.50  4.56723e-05
5996.00  4.56572e-05
5996.50  4.56293e-05
5997.00  4.55858e-05
5997.50  4.55234e-05
5998.00  4.54390e-05
5998.50  4.53296e-05
5999.00  4.51932e-05
5999.50  4.50287e-05
6000.00  4.48373e-05
6000.50  4.46211e-05
6001.00  4.43843e-05
6001.50  4.41328e-05
6002.00  4.38730e-05
6002.50  4.36128e-05
6003.00  4.33604e-05
6003.50  4.31237e-05
6004.00  4.29099e-05
6004.50  4.27257e-05
6005.00  4.25765e-05
6005.50  4.24665e-05
6006.00  4.23984e-05
6006.50  4.23734e-05
6007.00  4.23911e-05
6007.50  4.24494e-05
6008.00  4.25445e-05
6008.50  4.26711e-05
6009.00  4.28228e-05
6009.50  4.29927e-05
6010.00  4.31736e-05
6010.50  4.33597e-05
6011.00  4.35457e-05
6011.50  4.37283e-05
6012.00  4.39058e-05
6012.50  4.40784e-05
6013.00  4.42472e-05
6013.50  4.44147e-05
6014.00  4.45829e-05
6014.50  4.47532e-05
6015.00  4.49259e-05
6015.50  4.50997e-05
6016.00  4.52715e-05
6016.50  4.54366e-05
6017.00  4.55892e-05
6017.50  4.57227e-05
6018.00  4.58299e-05
6018.50  4.59051e-05
6019.00  4.59433e-05
6019.50  4.59414e-05
6020.00  4.58988e-05
6020.50  4.58171e-05
6021.00  4.57009e-05
6021.50  4.55570e-05
6022.00  4.53946e-05
6022.50  4.52241e-05
6023.00  4.50565e-05
6023.50  4.49027e-05
6024.00  4.47734e-05
6024.50  4.46771e-05
6025.00  4.46203e-05
6025.50  4.46067e-05
6026.00  4.46373e-05
6026.50  4.47103e-05
6027.00  4.48213e-05
6027.50  4.49638e-05
6028.00  4.51302e-05
6028.50  4.53113e-05
6029.00  4.54984e-05
6029.50  4.56832e-05
6030.00  4.58585e-05
6030.50  4.60186e-05
6031.00  4.61597e-05
6031.50  4.62799e-05
6032.00  4.63791e-05
6032.50  4.64589e-05
6033.00  4.65217e-05
6033.50  4.65705e-05
6034.00  4.66087e-05
6034.50  4.66391e-05
6035.00  4.66638e-05
6035.50  4.66840e-05
6036.00  4.67002e-05
6036.50  4.67119e-05
6037.00  4.67183e-05
6037.50  4.67183e-05
6038.00  4.67111e-05
6038.50  4.66967e-05
6039.00  4.66749e-05
6039.50  4.66474e-05
6040.00  4.66160e-05
6040.50  4.65833e-05
6041.00  4.65518e-05
6041.50  4.65244e-05
6042.00  4.65023e-05
6042.50  4.64879e-05
6043.00  4.64822e-05
6043.50  4.64855e-05
6044.00  4.64974e-05
6044.50  4.65175e-05
6045.00  4.65449e-05
6045.50  4.65787e-05
6046.00  4.66174e-05
6046.50  4.66595e-05
6047.00  4.67028e-05
6047.50  4.67447e-05
6048.00  4.67817e-05
6048.50  4.68098e-05
6049.00  4.68242e-05
6049.50  4.68202e-05
6050.00  4.67935e-05
6050.50  4.67405e-05
6051.00  4.66593e-05
6051.50  4.65495e-05
6052.00  4.64143e-05
6052.50  4.62583e-05
6053.00  4.60888e-05
6053.50  4.59149e-05
6054.00  4.57466e-05
6054.50  4.55942e-05
6055.00  4.54670e-05
6055.50  4.53726e-05
6056.00  4.53156e-05
6056.50  4.52978e-05
6057.00  4.53174e-05
6057.50  4.53694e-05
6058.00  4.54463e-05
6058.50  4.55386e-05
6059.00  4.56358e-05
6059.50  4.57276e-05
6060.00  4.58053e-05
6060.50  4.58620e-05
6061.00  4.58938e-05
6061.50  4.59003e-05
6062.00  4.58842e-05
6062.50  4.58511e-05
6063.00  4.58094e-05
6063.50  4.57687e-05
6064.00  4.57394e-05
6064.50  4.57308e-05
6065.00  4.57509e-05
6065.50  4.58058e-05
6066.00  4.58977e-05
6066.50  4.60258e-05
6067.00  4.61862e-05
6067.50  4.63719e-05
6068.00  4.65741e-05
6068.50  4.67821e-05
6069.00  4.69845e-05
6069.50  4.71699e-05
6070.00  4.73274e-05
6070.50  4.74475e-05
6071.00  4.75207e-05
6071.50  4.75403e-05
6072.00  4.75008e-05
6072.50  4.73986e-05
6073.00  4.72325e-05
6073.50  4.70037e-05
6074.00  4.67166e-05
6074.50  4.63786e-05
6075.00  4.60007e-05
6075.50  4.55971e-05
6076.00  4.51847e-05
6076.50  4.47825e-05
6077.00  4.44103e-05
6077.50  4.40873e-05
6078.00  4.38306e-05
6078.50  4.36538e-05
6079.00  4.35660e-05
6079.50  4.35707e-05
6080.00  4.36659e-05
6080.50  4.38435e-05
6081.00  4.40919e-05
6081.50  4.43954e-05
6082.00  4.47366e-05
6082.50  4.50976e-05
6083.00  4.54612e-05
6083.50  4.58127e-05
6084.00  4.61400e-05
6084.50  4.64349e-05
6085.00  4.66923e-05
6085.50  4.69107e-05
6086.00  4.70918e-05
6086.50  4.72390e-05
6087.00  4.73578e-05
6087.50  4.74544e-05
6088.00  4.75349e-05
6088.50  4.76055e-05
6089.00  4.76711e-05
6089.50  4.77358e-05
6090.00  4.78025e-05
6090.50  4.78725e-05
6091.00  4.79463e-05
6091.50  4.80230e-05
6092.00  4.81013e-05
6092.50  4.81789e-05
6093.00  4.82536e-05
6093.50  4.83228e-05
6094.00  4.83839e-05
6094.50  4.84349e-05
6095.00  4.84742e-05
6095.50  4.85001e-05
6096.00  4.85118e-05
6096.50  4.85084e-05
6097.00  4.84896e-05
6097.50  4.84554e-05
6098.00  4.84062e-05
6098.50  4.83423e-05
6099.00  4.82647e-05
6099.50  4.81744e-05
6100.00  4.80732e-05
6100.50  4.79630e-05
6101.00  4.78465e-05
6101.50  4.77267e-05
6102.00  4.76073e-05
6102.50  4.74921e-05
6103.00  4.73849e-05
6103.50  4.72897e-05
6104.00  4.72100e-05
6104.50  4.71483e-05
6105.00  4.71064e-05
6105.50  4.70845e-05
6106.00  4.70824e-05
6106.50  4.70982e-05
6107.00  4.71289e-05
6107.50  4.71711e-05
6108.00  4.72207e-05
6108.50  4.72735e-05
6109.00  4.73252e-05
6109.50  4.73716e-05
6110.00  4.74092e-05
6110.50  4.74346e-05
6111.00  4.74447e-05
6111.50  4.74370e-05
6112.00  4.74095e-05
6112.50  4.73600e-05
6113.00  4.72875e-05
6113.50  4.71912e-05
6114.00  4.70712e-05
6114.50  4.69290e-05
6115.00  4.67668e-05
6115.50  4.65886e-05
6116.00  4.63992e-05
6116.50  4.62046e-05
6117.00  4.60114e-05
6117.50  4.58262e-05
6118.00  4.56557e-05
6118.50  4.55052e-05
6119.00  4.53789e-05
6119.50  4.52793e-05
6120.00  4.52068e-05
6120.50  4.51600e-05
6121.00  4.51358e-05
6121.50  4.51299e-05
6122.00  4.51370e-05
6122.50  4.51517e-05
6123.00  4.51690e-05
6123.50  4.51852e-05
6124.00  4.51979e-05
6124.50  4.52057e-05
6125.00  4.52089e-05
6125.50  4.52089e-05
6126.00  4.52076e-05
6126.50  4.52073e-05
6127.00  4.52097e-05
6127.50  4.52151e-05
6128.00  4.52220e-05
6128.50  4.52271e-05
6129.00  4.52252e-05
6129.50  4.52090e-05
6130.00  4.51699e-05
