8421.50  3.48263e-04
8414.50  3.55626e-04
8415.00  3.54268e-04
8415.50  3.53061e-04
8416.00  3.52018e-04
8416.50  3.51147e-04
8417.00  3.50452e-04
8417.50  3.49927e-04
8418.00  3.49558e-04
8418.50  3.49319e-04
8419.00  3.49175e-04
8419.50  3.49082e-04
8420.00  3.48991e-04
8420.50  3.48851e-04
8421.00  3.48619e-04
8421.50  3.48263e-04
8422.00  3.47769e-04
8422.50  3.47139e-04
8423.00  3.46397e-04
8423.50  3.45587e-04
8424.00  3.44768e-04
8424.50  3.44008e-04
8425.00  3.43374e-04
8425.50  3.42927e-04
8426.00  3.42712e-04
8426.50  3.42748e-04
8427.00  3.43026e-04
8427.50  3.43509e-04
8428.00  3.44131e-04
8428.50  3.44806e-04
8429.00  3.45432e-04
8429.50  3.45909e-04
8430.00  3.46142e-04
8430.50  3.46058e-04
8431.00  3.45610e-04
8431.50  3.44783e-04
8432.00  3.43596e-04
8432.50  3.42099e-04
8433.00  3.40370e-04
8433.50  3.38502e-04
8434.00  3.36597e-04
8434.50  3.34753e-04
8435.00  3.33057e-04
8435.50  3.31580e-04
8436.00  3.30368e-04
8436.50  3.29447e-04
8437.00  3.28823e-04
8437.50  3.28484e-04
8438.00  3.28404e-04
8438.50  3.28555e-04
8439.00  3.28905e-04
8439.50  3.29423e-04
8440.00  3.30087e-04
8440.50  3.30880e-04
8441.00  3.31792e-04
8441.50  3.32816e-04
8442.00  3.33954e-04
8442.50  3.35208e-04
8443.00  3.36579e-04
8443.50  3.38067e-04
8444.00  3.39666e-04
8444.50  3.41365e-04
8445.00  3.43142e-04
8445.50  3.44977e-04
8446.00  3.46839e-04
8446.50  3.48697e-04
8447.00  3.50521e-04
8447.50  3.52280e-04
8448.00  3.53950e-04
8448.50  3.55508e-04
8449.00  3.56938e-04
8449.50  3.58230e-04
8450.00  3.59369e-04
8450.50  3.60354e-04
8451.00  3.61178e-04
8451.50  3.61840e-04
8452.00  3.62338e-04
8452.50  3.62674e-04
8453.00  3.62853e-04
8453.50  3.62885e-04
8454.00  3.62785e-04
8454.50  3.62566e-04
8455.00  3.62256e-04
8455.50  3.61877e-04
8456.00  3.61452e-04
8456.50  3.61001e-04
8457.00  3.60537e-04
8457.50  3.60067e-04
8458.00  3.59587e-04
8458.50  3.59086e-04
8459.00  3.58544e-04
8459.50  3.57935e-04
8460.00  3.57231e-04
8460.50  3.56406e-04
8461.00  3.55436e-04
8461.50  3.54306e-04
8462.00  3.53013e-04
8462.50  3.51565e-04
8463.00  3.49988e-04
8463.50  3.48320e-04
8464.00  3.46613e-04
8464.50  3.44931e-04
8465.00  3.43344e-04
8465.50  3.41929e-04
8466.00  3.40760e-04
8466.50  3.39907e-04
8467.00  3.39429e-04
8467.50  3.39370e-04
8468.00  3.39754e-04
8468.50  3.40587e-04
8469.00  3.41849e-04
8469.50  3.43501e-04
8470.00  3.45484e-04
8470.50  3.47722e-04
8471.00  3.50129e-04
8471.50  3.52613e-04
8472.00  3.55080e-04
8472.50  3.57442e-04
8473.00  3.59619e-04
8473.50  3.61543e-04
8474.00  3.63158e-04
8474.50  3.64429e-04
8475.00  3.65335e-04
8475.50  3.65874e-04
8476.00  3.66058e-04
8476.50  3.65918e-04
8477.00  3.65497e-04
8477.50  3.64852e-04
8478.00  3.64047e-04
8478.50  3.63153e-04
8479.00  3.62242e-04
8479.50  3.61383e-04
8480.00  3.60637e-04
8480.50  3.60053e-04
8481.00  3.59666e-04
8481.50  3.59489e-04
8482.00  3.59522e-04
8482.50  3.59746e-04
8483.00  3.60128e-04
8483.50  3.60621e-04
8484.00  3.61174e-04
8484.50  3.61739e-04
8485.00  3.62263e-04
8485.50  3.62700e-04
8486.00  3.63007e-04
8486.50  3.63145e-04
8487.00  3.63078e-04
8487.50  3.62768e-04
8488.00  3.62176e-04
8488.50  3.61257e-04
8489.00  3.59960e-04
8489.50  3.58230e-04
8490.00  3.56014e-04
8490.50  3.53259e-04
8491.00  3.49928e-04
8491.50  3.46000e-04
8492.00  3.41480e-04
8492.50  3.36407e-04
8493.00  3.30857e-04
8493.50  3.24946e-04
8494.00  3.18825e-04
8494.50  3.12677e-04
8495.00  3.06706e-04
8495.50  3.01125e-04
8496.00  2.96141e-04
8496.50  2.91941e-04
8497.00  2.88676e-04
8497.50  2.86454e-04
8498.00  2.85330e-04
8498.50  2.85308e-04
8499.00  2.86340e-04
8499.50  2.88334e-04
8500.00  2.91165e-04
8500.50  2.94692e-04
8501.00  2.98757e-04
8501.50  3.03209e-04
8502.00  3.07902e-04
8502.50  3.12702e-04
8503.00  3.17493e-04
8503.50  3.22171e-04
8504.00  3.26644e-04
8504.50  3.30837e-04
8505.00  3.34677e-04
8505.50  3.38101e-04
8506.00  3.41054e-04
8506.50  3.43487e-04
8507.00  3.45363e-04
8507.50  3.46660e-04
8508.00  3.47368e-04
8508.50  3.47497e-04
8509.00  3.47079e-04
8509.50  3.46165e-04
8510.00  3.44827e-04
8510.50  3.43158e-04
8511.00  3.41262e-04
8511.50  3.39257e-04
8512.00  3.37262e-04
8512.50  3.35399e-04
8513.00  3.33774e-04
8513.50  3.32481e-04
8514.00  3.31594e-04
8514.50  3.31161e-04
8515.00  3.31203e-04
8515.50  3.31715e-04
8516.00  3.32671e-04
8516.50  3.34018e-04
8517.00  3.35692e-04
8517.50  3.37617e-04
8518.00  3.39712e-04
8518.50  3.41891e-04
8519.00  3.44076e-04
8519.50  3.46192e-04
8520.00  3.48173e-04
8520.50  3.49968e-04
8521.00  3.51535e-04
8521.50  3.52849e-04
8522.00  3.53898e-04
8522.50  3.54685e-04
8523.00  3.55224e-04
8523.50  3.55541e-04
8524.00  3.55668e-04
8524.50  3.55643e-04
8525.00  3.55505e-04
8525.50  3.55288e-04
8526.00  3.55022e-04
8526.50  3.54730e-04
8527.00  3.54421e-04
8527.50  3.54097e-04
8528.00  3.53744e-04
8528.50  3.53347e-04
8529.00  3.52870e-04
8529.50  3.52281e-04
8530.00  3.51536e-04
8530.50  3.50594e-04
8531.00  3.49410e-04
8531.50  3.47941e-04
8532.00  3.46143e-04
8532.50  3.43977e-04
8533.00  3.41401e-04
8533.50  3.38380e-04
8534.00  3.34881e-04
8534.50  3.30877e-04
8535.00  3.26350e-04
8535.50  3.21291e-04
8536.00  3.15713e-04
8536.50  3.09651e-04
8537.00  3.03169e-04
8537.50  2.96365e-04
8538.00  2.89375e-04
8538.50  2.82367e-04
8539.00  2.75544e-04
8539.50  2.69128e-04
8540.00  2.63350e-04
8540.50  2.58436e-04
8541.00  2.54587e-04
8541.50  2.51965e-04
8542.00  2.50679e-04
8542.50  2.50774e-04
8543.00  2.52232e-04
8543.50  2.54966e-04
8544.00  2.58834e-04
8544.50  2.63653e-04
8545.00  2.69210e-04
8545.50  2.75281e-04
8546.00  2.81647e-04
8546.50  2.88110e-04
8547.00  2.94499e-04
8547.50  3.00678e-04
8548.00  3.06544e-04
8548.50  3.12032e-04
8549.00  3.17104e-04
8549.50  3.21746e-04
8550.00  3.25963e-04
8550.50  3.29769e-04
8551.00  3.33189e-04
8551.50  3.36251e-04
8552.00  3.38990e-04
8552.50  3.41438e-04
8553.00  3.43630e-04
8553.50  3.45604e-04
8554.00  3.47395e-04
8554.50  3.49038e-04
8555.00  3.50564e-04
8555.50  3.52000e-04
8556.00  3.53366e-04
8556.50  3.54674e-04
8557.00  3.55927e-04
8557.50  3.57120e-04
8558.00  3.58243e-04
8558.50  3.59279e-04
8559.00  3.60208e-04
8559.50  3.61009e-04
8560.00  3.61664e-04
8560.50  3.62157e-04
8561.00  3.62481e-04
8561.50  3.62635e-04
8562.00  3.62628e-04
8562.50  3.62475e-04
8563.00  3.62200e-04
8563.50  3.61836e-04
8564.00  3.61418e-04
8564.50  3.60985e-04
8565.00  3.60576e-04
8565.50  3.60225e-04
8566.00  3.59961e-04
8566.50  3.59806e-04
8567.00  3.59771e-04
8567.50  3.59856e-04
8568.00  3.60054e-04
8568.50  3.60345e-04
8569.00  3.60706e-04
8569.50  3.61107e-04
8570.00  3.61521e-04
8570.50  3.61918e-04
8571.00  3.62279e-04
8571.50  3.62588e-04
8572.00  3.62838e-04
8572.50  3.63032e-04
8573.00  3.63180e-04
8573.50  3.63299e-04
8574.00  3.63408e-04
8574.50  3.63532e-04
8575.00  3.63690e-04
8575.50  3.63902e-04
8576.00  3.64180e-04
8576.50  3.64531e-04
8577.00  3.64956e-04
8577.50  3.65446e-04
8578.00  3.65989e-04
8578.50  3.66568e-04
8579.00  3.67157e-04
8579.50  3.67736e-04
8580.00  3.68280e-04
8580.50  3.68765e-04
8581.00  3.69171e-04
8581.50  3.69481e-04
8582.00  3.69677e-04
8582.50  3.69750e-04
8583.00  3.69692e-04
8583.50  3.69497e-04
8584.00  3.69160e-04
8584.50  3.68680e-04
8585.00  3.68054e-04
8585.50  3.67283e-04
8586.00  3.66365e-04
8586.50  3.65302e-04
8587.00  3.64096e-04
8587.50  3.62753e-04
8588.00  3.61278e-04
8588.50  3.59681e-04
8589.00  3.57973e-04
8589.50  3.56168e-04
8590.00  3.54284e-04
8590.50  3.52339e-04
8591.00  3.50356e-04
8591.50  3.48359e-04
8592.00  3.46377e-04
8592.50  3.44441e-04
8593.00  3.42586e-04
8593.50  3.40847e-04
8594.00  3.39265e-04
8594.50  3.37881e-04
8595.00  3.36734e-04
8595.50  3.35861e-04
8596.00  3.35293e-04
8596.50  3.35052e-04
8597.00  3.35149e-04
8597.50  3.35582e-04
8598.00  3.36337e-04
8598.50  3.37385e-04
8599.00  3.38685e-04
8599.50  3.40190e-04
8600.00  3.41843e-04
8600.50  3.43589e-04
8601.00  3.45370e-04
8601.50  3.47137e-04
8602.00  3.48848e-04
8602.50  3.50470e-04
8603.00  3.51980e-04
8603.50  3.53369e-04
8604.00  3.54632e-04
8604.50  3.55773e-04
8605.00  3.56800e-04
8605.50  3.57723e-04
8606.00  3.58550e-04
8606.50  3.59284e-04
8607.00  3.59928e-04
8607.50  3.60479e-04
8608.00  3.60932e-04
8608.50  3.61284e-04
8609.00  3.61530e-04
8609.50  3.61670e-04
8610.00  3.61706e-04
8610.50  3.61647e-04
8611.00  3.61503e-04
8611.50  3.61289e-04
8612.00  3.61021e-04
8612.50  3.60715e-04
8613.00  3.60384e-04
8613.50  3.60036e-04
8614.00  3.59675e-04
8614.50  3.59300e-04
8615.00  3.58907e-04
8615.50  3.58490e-04
8616.00  3.58042e-04
8616.50  3.57562e-04
8617.00  3.57053e-04
8617.50  3.56528e-04
8618.00  3.56006e-04
8618.50  3.55515e-04
8619.00  3.55094e-04
8619.50  3.54782e-04
8620.00  3.54619e-04
8620.50  3.54644e-04
8621.00  3.54887e-04
8621.50  3.55365e-04
8622.00  3.56083e-04
8622.50  3.57029e-04
8623.00  3.58175e-04
8623.50  3.59484e-04
8624.00  3.60904e-04
8624.50  3.62380e-04
8625.00  3.63854e-04
8625.50  3.65272e-04
8626.00  3.66585e-04
8626.50  3.67754e-04
8627.00  3.68752e-04
8627.50  3.69561e-04
8628.00  3.70175e-04
8628.50  3.70599e-04
8629.00  3.70844e-04
8629.50  3.70929e-04
8630.00  3.70876e-04
8630.50  3.70711e-04
8631.00  3.70458e-04
8631.50  3.70140e-04
8632.00  3.69780e-04
8632.50  3.69395e-04
8633.00  3.69002e-04
8633.50  3.68610e-04
8634.00  3.68227e-04
8634.50  3.67855e-04
8635.00  3.67496e-04
8635.50  3.67148e-04
8636.00  3.66804e-04
8636.50  3.66456e-04
8637.00  3.66096e-04
8637.50  3.65716e-04
8638.00  3.65309e-04
8638.50  3.64869e-04
8639.00  3.64394e-04
8639.50  3.63884e-04
8640.00  3.63340e-04
8640.50  3.62768e-04
8641.00  3.62171e-04
8641.50  3.61554e-04
8642.00  3.60917e-04
8642.50  3.60258e-04
8643.00  3.59568e-04
8643.50  3.58840e-04
8644.00  3.58061e-04
8644.50  3.57221e-04
8645.00  3.56314e-04
8645.50  3.55336e-04
8646.00  3.54294e-04
8646.50  3.53200e-04
8647.00  3.52075e-04
8647.50  3.50944e-04
8648.00  3.49833e-04
8648.50  3.48770e-04
8649.00  3.47780e-04
8649.50  3.46877e-04
8650.00  3.46068e-04
8650.50  3.45345e-04
8651.00  3.44687e-04
8651.50  3.44060e-04
8652.00  3.43413e-04
8652.50  3.42683e-04
8653.00  3.41792e-04
8653.50  3.40652e-04
8654.00  3.39171e-04
8654.50  3.37252e-04
8655.00  3.34807e-04
8655.50  3.31763e-04
8656.00  3.28068e-04
8656.50  3.23705e-04
8657.00  3.18697e-04
8657.50  3.13117e-04
8658.00  3.07086e-04
8658.50  3.00777e-04
8659.00  2.94406e-04
8659.50  2.88223e-04
8660.00  2.82493e-04
8660.50  2.77483e-04
8661.00  2.73437e-04
8661.50  2.70561e-04
8662.00  2.69005e-04
8662.50  2.68848e-04
8663.00  2.70099e-04
8663.50  2.72685e-04
8664.00  2.76476e-04
8664.50  2.81282e-04
8665.00  2.86875e-04
8665.50  2.93009e-04
8666.00  2.99434e-04
8666.50  3.05916e-04
8667.00  3.12249e-04
8667.50  3.18262e-04
8668.00  3.23827e-04
8668.50  3.28857e-04
8669.00  3.33305e-04
8669.50  3.37164e-04
8670.00  3.40453e-04
8670.50  3.43213e-04
8671.00  3.45502e-04
8671.50  3.47385e-04
8672.00  3.48932e-04
8672.50  3.50207e-04
8673.00  3.51272e-04
8673.50  3.52176e-04
8674.00  3.52960e-04
8674.50  3.53646e-04
8675.00  3.54255e-04
8675.50  3.54790e-04
8676.00  3.55247e-04
8676.50  3.55619e-04
8677.00  3.55890e-04
8677.50  3.56052e-04
8678.00  3.56095e-04
8678.50  3.56017e-04
8679.00  3.55821e-04
8679.50  3.55518e-04
8680.00  3.55123e-04
8680.50  3.54653e-04
8681.00  3.54128e-04
8681.50  3.53567e-04
8682.00  3.52985e-04
8682.50  3.52391e-04
8683.00  3.51793e-04
8683.50  3.51196e-04
8684.00  3.50603e-04
8684.50  3.50024e-04
8685.00  3.49475e-04
8685.50  3.48978e-04
8686.00  3.48570e-04
8686.50  3.48294e-04
8687.00  3.48193e-04
8687.50  3.48318e-04
8688.00  3.48706e-04
8688.50  3.49387e-04
8689.00  3.50371e-04
8689.50  3.51647e-04
8690.00  3.53183e-04
8690.50  3.54924e-04
8691.00  3.56802e-04
8691.50  3.58735e-04
8692.00  3.60634e-04
8692.50  3.62412e-04
8693.00  3.63991e-04
8693.50  3.65301e-04
8694.00  3.66292e-04
8694.50  3.66932e-04
8695.00  3.67212e-04
8695.50  3.67143e-04
8696.00  3.66759e-04
8696.50  3.66115e-04
8697.00  3.65280e-04
8697.50  3.64338e-04
8698.00  3.63372e-04
8698.50  3.62473e-04
8699.00  3.61719e-04
8699.50  3.61177e-04
8700.00  3.60892e-04
8700.50  3.60891e-04
8701.00  3.61172e-04
8701.50  3.61712e-04
8702.00  3.62468e-04
8702.50  3.63381e-04
8703.00  3.64386e-04
8703.50  3.65409e-04
8704.00  3.66387e-04
8704.50  3.67265e-04
8705.00  3.68002e-04
8705.50  3.68574e-04
8706.00  3.68977e-04
8706.50  3.69220e-04
8707.00  3.69330e-04
8707.50  3.69344e-04
8708.00  3.69303e-04
8708.50  3.69253e-04
8709.00  3.69235e-04
8709.50  3.69284e-04
8710.00  3.69426e-04
8710.50  3.69673e-04
8711.00  3.70028e-04
8711.50  3.70480e-04
8712.00  3.71008e-04
8712.50  3.71584e-04
8713.00  3.72176e-04
8713.50  3.72750e-04
8714.00  3.73275e-04
8714.50  3.73722e-04
8715.00  3.74075e-04
8715.50  3.74322e-04
8716.00  3.74458e-04
8716.50  3.74489e-04
8717.00  3.74426e-04
8717.50  3.74284e-04
8718.00  3.74079e-04
8718.50  3.73827e-04
8719.00  3.73541e-04
8719.50  3.73226e-04
8720.00  3.72883e-04
8720.50  3.72505e-04
8721.00  3.72080e-04
8721.50  3.71591e-04
8722.00  3.71019e-04
8722.50  3.70351e-04
8723.00  3.69575e-04
8723.50  3.68689e-04
8724.00  3.67704e-04
8724.50  3.66642e-04
8725.00  3.65538e-04
8725.50  3.64435e-04
8726.00  3.63386e-04
8726.50  3.62444e-04
8727.00  3.61658e-04
8727.50  3.61067e-04
8728.00  3.60692e-04
8728.50  3.60536e-04
8729.00  3.60585e-04
8729.50  3.60802e-04
8730.00  3.61137e-04
8730.50  3.61529e-04
8731.00  3.61916e-04
8731.50  3.62241e-04
8732.00  3.62460e-04
8732.50  3.62544e-04
8733.00  3.62483e-04
8733.50  3.62285e-04
8734.00  3.61975e-04
8734.50  3.61582e-04
8735.00  3.61142e-04
8735.50  3.60686e-04
8736.00  3.60233e-04
8736.50  3.59793e-04
8737.00  3.59361e-04
8737.50  3.58923e-04
8738.00  3.58452e-04
8738.50  3.57928e-04
8739.00  3.57325e-04
8739.50  3.56630e-04
8740.00  3.55836e-04
8740.50  3.54950e-04
8741.00  3.53985e-04
8741.50  3.52963e-04
8742.00  3.51904e-04
8742.50  3.50828e-04
8743.00  3.49745e-04
8743.50  3.48659e-04
8744.00  3.47568e-04
8744.50  3.46458e-04
8745.00  3.45318e-04
8745.50  3.44134e-04
8746.00  3.42900e-04
8746.50  3.41619e-04
8747.00  3.40308e-04
8747.50  3.38999e-04
8748.00  3.37738e-04
8748.50  3.36584e-04
8749.00  3.35602e-04
8749.50  3.34863e-04
8750.00  3.34432e-04
8750.50  3.34371e-04
8751.00  3.34720e-04
8751.50  3.35505e-04
8752.00  3.36724e-04
8752.50  3.38353e-04
8753.00  3.40343e-04
8753.50  3.42623e-04
8754.00  3.45104e-04
8754.50  3.47685e-04
8755.00  3.50263e-04
8755.50  3.52732e-04
8756.00  3.54997e-04
8756.50  3.56976e-04
8757.00  3.58602e-04
8757.50  3.59828e-04
8758.00  3.60629e-04
8758.50  3.61000e-04
8759.00  3.60959e-04
8759.50  3.60542e-04
8760.00  3.59801e-04
8760.50  3.58805e-04
8761.00  3.57633e-04
8761.50  3.56373e-04
8762.00  3.55113e-04
8762.50  3.53939e-04
8763.00  3.52931e-04
8763.50  3.52153e-04
8764.00  3.51653e-04
8764.50  3.51456e-04
8765.00  3.51565e-04
8765.50  3.51961e-04
8766.00  3.52601e-04
8766.50  3.53430e-04
8767.00  3.54377e-04
8767.50  3.55372e-04
8768.00  3.56345e-04
8768.50  3.57239e-04
8769.00  3.58012e-04
8769.50  3.58640e-04
8770.00  3.59125e-04
8770.50  3.59487e-04
8771.00  3.59765e-04
8771.50  3.60013e-04
8772.00  3.60286e-04
8772.50  3.60645e-04
8773.00  3.61137e-04
8773.50  3.61801e-04
8774.00  3.62654e-04
8774.50  3.63696e-04
8775.00  3.64908e-04
8775.50  3.66253e-04
8776.00  3.67685e-04
8776.50  3.69144e-04
8777.00  3.70578e-04
8777.50  3.71931e-04
8778.00  3.73158e-04
8778.50  3.74225e-04
8779.00  3.75104e-04
8779.50  3.75786e-04
8780.00  3.76273e-04
8780.50  3.76572e-04
8781.00  3.76698e-04
8781.50  3.76672e-04
8782.00  3.76511e-04
8782.50  3.76232e-04
8783.00  3.75851e-04
8783.50  3.75375e-04
8784.00  3.74805e-04
8784.50  3.74138e-04
8785.00  3.73368e-04
8785.50  3.72483e-04
8786.00  3.71478e-04
8786.50  3.70348e-04
8787.00  3.69099e-04
8787.50  3.67742e-04
8788.00  3.66302e-04
8788.50  3.64811e-04
8789.00  3.63310e-04
8789.50  3.61844e-04
8790.00  3.60462e-04
8790.50  3.59207e-04
8791.00  3.58119e-04
8791.50  3.57227e-04
8792.00  3.56552e-04
8792.50  3.56101e-04
8793.00  3.55875e-04
8793.50  3.55866e-04
8794.00  3.56059e-04
8794.50  3.56436e-04
8795.00  3.56975e-04
8795.50  3.57653e-04
8796.00  3.58446e-04
8796.50  3.59326e-04
8797.00  3.60260e-04
8797.50  3.61210e-04
8798.00  3.62136e-04
8798.50  3.62992e-04
8799.00  3.63729e-04
8799.50  3.64298e-04
8800.00  3.64658e-04
8800.50  3.64772e-04
8801.00  3.64620e-04
8801.50  3.64196e-04
8802.00  3.63511e-04
8802.50  3.62597e-04
8803.00  3.61502e-04
8803.50  3.60291e-04
8804.00  3.59038e-04
8804.50  3.57824e-04
8805.00  3.56731e-04
8805.50  3.55830e-04
8806.00  3.55187e-04
8806.50  3.54849e-04
8807.00  3.54844e-04
8807.50  3.55181e-04
8808.00  3.55848e-04
8808.50  3.56812e-04
8809.00  3.58027e-04
8809.50  3.59437e-04
8810.00  3.60975e-04
8810.50  3.62576e-04
8811.00  3.64177e-04
8811.50  3.65720e-04
8812.00  3.67160e-04
8812.50  3.68462e-04
8813.00  3.69604e-04
8813.50  3.70572e-04
8814.00  3.71365e-04
8814.50  3.71988e-04
8815.00  3.72453e-04
8815.50  3.72776e-04
8816.00  3.72972e-04
8816.50  3.73060e-04
8817.00  3.73058e-04
8817.50  3.72985e-04
8818.00  3.72860e-04
8818.50  3.72700e-04
8819.00  3.72523e-04
8819.50  3.72346e-04
8820.00  3.72186e-04
8820.50  3.72060e-04
8821.00  3.71981e-04
8821.50  3.71962e-04
8822.00  3.72012e-04
8822.50  3.72137e-04
8823.00  3.72341e-04
8823.50  3.72623e-04
8824.00  3.72977e-04
8824.50  3.73387e-04
8825.00  3.73843e-04
8825.50  3.74323e-04
8826.00  3.74802e-04
8826.50  3.75254e-04
8827.00  3.75650e-04
8827.50  3.75962e-04
8828.00  3.76163e-04
8828.50  3.76228e-04
8829.00  3.76138e-04
8829.50  3.75877e-04
8830.00  3.75436e-04
8830.50  3.74811e-04
8831.00  3.74005e-04
8831.50  3.73026e-04
8832.00  3.71889e-04
8832.50  3.70616e-04
8833.00  3.69232e-04
8833.50  3.67770e-04
8834.00  3.66270e-04
8834.50  3.64773e-04
8835.00  3.63329e-04
8835.50  3.61986e-04
8836.00  3.60797e-04
8836.50  3.59808e-04
8837.00  3.59064e-04
8837.50  3.58596e-04
8838.00  3.58425e-04
8838.50  3.58557e-04
8839.00  3.58983e-04
8839.50  3.59676e-04
8840.00  3.60599e-04
8840.50  3.61702e-04
8841.00  3.62930e-04
8841.50  3.64224e-04
8842.00  3.65529e-04
8842.50  3.66793e-04
8843.00  3.67975e-04
8843.50  3.69041e-04
8844.00  3.69969e-04
8844.50  3.70745e-04
8845.00  3.71365e-04
8845.50  3.71832e-04
8846.00  3.72155e-04
8846.50  3.72344e-04
8847.00  3.72416e-04
8847.50  3.72383e-04
8848.00  3.72261e-04
8848.50  3.72062e-04
8849.00  3.71796e-04
8849.50  3.71471e-04
8850.00  3.71089e-04
8850.50  3.70648e-04
8851.00  3.70143e-04
8851.50  3.69559e-04
8852.00  3.68878e-04
8852.50  3.68075e-04
8853.00  3.67117e-04
8853.50  3.65966e-04
8854.00  3.64582e-04
8854.50  3.62922e-04
8855.00  3.60943e-04
8855.50  3.58611e-04
8856.00  3.55898e-04
8856.50  3.52794e-04
8857.00  3.49304e-04
8857.50  3.45459e-04
8858.00  3.41309e-04
8858.50  3.36930e-04
8859.00  3.32415e-04
8859.50  3.27872e-04
8860.00  3.23418e-04
8860.50  3.19168e-04
8861.00  3.15229e-04
8861.50  3.11693e-04
8862.00  3.08632e-04
8862.50  3.06097e-04
8863.00  3.04112e-04
8863.50  3.02683e-04
8864.00  3.01799e-04
8864.50  3.01436e-04
8865.00  3.01564e-04
8865.50  3.02148e-04
8866.00  3.03154e-04
8866.50  3.04543e-04
8867.00  3.06272e-04
8867.50  3.08293e-04
8868.00  3.10551e-04
8868.50  3.12977e-04
8869.00  3.15495e-04
8869.50  3.18021e-04
8870.00  3.20469e-04
8870.50  3.22758e-04
8871.00  3.24815e-04
8871.50  3.26588e-04
8872.00  3.28046e-04
8872.50  3.29184e-04
8873.00  3.30023e-04
8873.50  3.30608e-04
8874.00  3.30999e-04
8874.50  3.31267e-04
8875.00  3.31489e-04
8875.50  3.31730e-04
8876.00  3.32050e-04
8876.50  3.32485e-04
8877.00  3.33057e-04
8877.50  3.33763e-04
8878.00  3.34587e-04
8878.50  3.35498e-04
8879.00  3.36456e-04
8879.50  3.37418e-04
8880.00  3.38342e-04
8880.50  3.39194e-04
8881.00  3.39946e-04
8881.50  3.40579e-04
8882.00  3.41085e-04
8882.50  3.41466e-04
8883.00  3.41731e-04
8883.50  3.41893e-04
8884.00  3.41971e-04
8884.50  3.41987e-04
8885.00  3.41961e-04
8885.50  3.41913e-04
8886.00  3.41860e-04
