8421.50  3.50149e-05
8414.50  3.57562e-05
8415.00  3.56602e-05
8415.50  3.55763e-05
8416.00  3.55037e-05
8416.50  3.54414e-05
8417.00  3.53888e-05
8417.50  3.53445e-05
8418.00  3.53072e-05
8418.50  3.52747e-05
8419.00  3.52445e-05
8419.50  3.52135e-05
8420.00  3.51784e-05
8420.50  3.51355e-05
8421.00  3.50817e-05
8421.50  3.50149e-05
8422.00  3.49342e-05
8422.50  3.48400e-05
8423.00  3.47348e-05
8423.50  3.46229e-05
8424.00  3.45100e-05
8424.50  3.44029e-05
8425.00  3.43085e-05
8425.50  3.42332e-05
8426.00  3.41824e-05
8426.50  3.41586e-05
8427.00  3.41622e-05
8427.50  3.41902e-05
8428.00  3.42369e-05
8428.50  3.42944e-05
8429.00  3.43529e-05
8429.50  3.44024e-05
8430.00  3.44335e-05
8430.50  3.44383e-05
8431.00  3.44116e-05
8431.50  3.43511e-05
8432.00  3.42580e-05
8432.50  3.41364e-05
8433.00  3.39934e-05
8433.50  3.38375e-05
8434.00  3.36785e-05
8434.50  3.35255e-05
8435.00  3.33869e-05
8435.50  3.32694e-05
8436.00  3.31777e-05
8436.50  3.31143e-05
8437.00  3.30799e-05
8437.50  3.30738e-05
8438.00  3.30938e-05
8438.50  3.31375e-05
8439.00  3.32024e-05
8439.50  3.32857e-05
8440.00  3.33852e-05
8440.50  3.34992e-05
8441.00  3.36260e-05
8441.50  3.37638e-05
8442.00  3.39114e-05
8442.50  3.40672e-05
8443.00  3.42294e-05
8443.50  3.43962e-05
8444.00  3.45652e-05
8444.50  3.47342e-05
8445.00  3.49005e-05
8445.50  3.50621e-05
8446.00  3.52169e-05
8446.50  3.53630e-05
8447.00  3.54993e-05
8447.50  3.56248e-05
8448.00  3.57389e-05
8448.50  3.58415e-05
8449.00  3.59323e-05
8449.50  3.60113e-05
8450.00  3.60780e-05
8450.50  3.61324e-05
8451.00  3.61741e-05
8451.50  3.62029e-05
8452.00  3.62187e-05
8452.50  3.62218e-05
8453.00  3.62131e-05
8453.50  3.61943e-05
8454.00  3.61671e-05
8454.50  3.61338e-05
8455.00  3.60974e-05
8455.50  3.60604e-05
8456.00  3.60248e-05
8456.50  3.59920e-05
8457.00  3.59624e-05
8457.50  3.59353e-05
8458.00  3.59087e-05
8458.50  3.58798e-05
8459.00  3.58449e-05
8459.50  3.58002e-05
8460.00  3.57420e-05
8460.50  3.56669e-05
8461.00  3.55728e-05
8461.50  3.54584e-05
8462.00  3.53243e-05
8462.50  3.51724e-05
8463.00  3.50064e-05
8463.50  3.48310e-05
8464.00  3.46526e-05
8464.50  3.44780e-05
8465.00  3.43145e-05
8465.50  3.41698e-05
8466.00  3.40510e-05
8466.50  3.39644e-05
8467.00  3.39155e-05
8467.50  3.39080e-05
8468.00  3.39440e-05
8468.50  3.40237e-05
8469.00  3.41454e-05
8469.50  3.43051e-05
8470.00  3.44975e-05
8470.50  3.47153e-05
8471.00  3.49502e-05
8471.50  3.51935e-05
8472.00  3.54357e-05
8472.50  3.56681e-05
8473.00  3.58822e-05
8473.50  3.60710e-05
8474.00  3.62284e-05
8474.50  3.63506e-05
8475.00  3.64351e-05
8475.50  3.64817e-05
8476.00  3.64919e-05
8476.50  3.64691e-05
8477.00  3.64184e-05
8477.50  3.63461e-05
8478.00  3.62597e-05
8478.50  3.61668e-05
8479.00  3.60752e-05
8479.50  3.59921e-05
8480.00  3.59236e-05
8480.50  3.58742e-05
8481.00  3.58464e-05
8481.50  3.58409e-05
8482.00  3.58562e-05
8482.50  3.58895e-05
8483.00  3.59363e-05
8483.50  3.59912e-05
8484.00  3.60487e-05
8484.50  3.61041e-05
8485.00  3.61524e-05
8485.50  3.61902e-05
8486.00  3.62142e-05
8486.50  3.62223e-05
8487.00  3.62126e-05
8487.50  3.61832e-05
8488.00  3.61318e-05
8488.50  3.60557e-05
8489.00  3.59512e-05
8489.50  3.58141e-05
8490.00  3.56400e-05
8490.50  3.54243e-05
8491.00  3.51635e-05
8491.50  3.48556e-05
8492.00  3.45005e-05
8492.50  3.41011e-05
8493.00  3.36634e-05
8493.50  3.31968e-05
8494.00  3.27135e-05
8494.50  3.22283e-05
8495.00  3.17577e-05
8495.50  3.13186e-05
8496.00  3.09273e-05
8496.50  3.05982e-05
8497.00  3.03423e-05
8497.50  3.01672e-05
8498.00  3.00760e-05
8498.50  3.00679e-05
8499.00  3.01380e-05
8499.50  3.02786e-05
8500.00  3.04794e-05
8500.50  3.07301e-05
8501.00  3.10192e-05
8501.50  3.13367e-05
8502.00  3.16730e-05
8502.50  3.20199e-05
8503.00  3.23702e-05
8503.50  3.27173e-05
8504.00  3.30549e-05
8504.50  3.33770e-05
8505.00  3.36774e-05
8505.50  3.39492e-05
8506.00  3.41861e-05
8506.50  3.43818e-05
8507.00  3.45308e-05
8507.50  3.46291e-05
8508.00  3.46745e-05
8508.50  3.46669e-05
8509.00  3.46088e-05
8509.50  3.45054e-05
8510.00  3.43640e-05
8510.50  3.41944e-05
8511.00  3.40076e-05
8511.50  3.38159e-05
8512.00  3.36314e-05
8512.50  3.34662e-05
8513.00  3.33303e-05
8513.50  3.32324e-05
8514.00  3.31783e-05
8514.50  3.31711e-05
8515.00  3.32114e-05
8515.50  3.32966e-05
8516.00  3.34224e-05
8516.50  3.35821e-05
8517.00  3.37682e-05
8517.50  3.39722e-05
8518.00  3.41858e-05
8518.50  3.44010e-05
8519.00  3.46105e-05
8519.50  3.48081e-05
8520.00  3.49885e-05
8520.50  3.51482e-05
8521.00  3.52846e-05
8521.50  3.53966e-05
8522.00  3.54842e-05
8522.50  3.55486e-05
8523.00  3.55920e-05
8523.50  3.56172e-05
8524.00  3.56274e-05
8524.50  3.56266e-05
8525.00  3.56181e-05
8525.50  3.56054e-05
8526.00  3.55914e-05
8526.50  3.55781e-05
8527.00  3.55668e-05
8527.50  3.55578e-05
8528.00  3.55504e-05
8528.50  3.55433e-05
8529.00  3.55339e-05
8529.50  3.55197e-05
8530.00  3.54971e-05
8530.50  3.54628e-05
8531.00  3.54132e-05
8531.50  3.53448e-05
8532.00  3.52541e-05
8532.50  3.51378e-05
8533.00  3.49922e-05
8533.50  3.48143e-05
8534.00  3.46005e-05
8534.50  3.43477e-05
8535.00  3.40531e-05
8535.50  3.37146e-05
8536.00  3.33312e-05
8536.50  3.29039e-05
8537.00  3.24362e-05
8537.50  3.19346e-05
8538.00  3.14089e-05
8538.50  3.08726e-05
8539.00  3.03420e-05
8539.50  2.98361e-05
8540.00  2.93752e-05
8540.50  2.89791e-05
8541.00  2.86661e-05
8541.50  2.84509e-05
8542.00  2.83436e-05
8542.50  2.83484e-05
8543.00  2.84634e-05
8543.50  2.86810e-05
8544.00  2.89882e-05
8544.50  2.93683e-05
8545.00  2.98022e-05
8545.50  3.02702e-05
8546.00  3.07535e-05
8546.50  3.12353e-05
8547.00  3.17021e-05
8547.50  3.21435e-05
8548.00  3.25528e-05
8548.50  3.29263e-05
8549.00  3.32629e-05
8549.50  3.35633e-05
8550.00  3.38299e-05
8550.50  3.40653e-05
8551.00  3.42729e-05
8551.50  3.44561e-05
8552.00  3.46184e-05
8552.50  3.47632e-05
8553.00  3.48940e-05
8553.50  3.50142e-05
8554.00  3.51273e-05
8554.50  3.52363e-05
8555.00  3.53438e-05
8555.50  3.54518e-05
8556.00  3.55616e-05
8556.50  3.56732e-05
8557.00  3.57860e-05
8557.50  3.58981e-05
8558.00  3.60071e-05
8558.50  3.61100e-05
8559.00  3.62036e-05
8559.50  3.62846e-05
8560.00  3.63500e-05
8560.50  3.63975e-05
8561.00  3.64256e-05
8561.50  3.64338e-05
8562.00  3.64225e-05
8562.50  3.63933e-05
8563.00  3.63488e-05
8563.50  3.62924e-05
8564.00  3.62284e-05
8564.50  3.61615e-05
8565.00  3.60965e-05
8565.50  3.60380e-05
8566.00  3.59902e-05
8566.50  3.59565e-05
8567.00  3.59390e-05
8567.50  3.59389e-05
8568.00  3.59559e-05
8568.50  3.59884e-05
8569.00  3.60341e-05
8569.50  3.60896e-05
8570.00  3.61515e-05
8570.50  3.62158e-05
8571.00  3.62796e-05
8571.50  3.63402e-05
8572.00  3.63956e-05
8572.50  3.64453e-05
8573.00  3.64893e-05
8573.50  3.65287e-05
8574.00  3.65651e-05
8574.50  3.66003e-05
8575.00  3.66364e-05
8575.50  3.66752e-05
8576.00  3.67178e-05
8576.50  3.67651e-05
8577.00  3.68167e-05
8577.50  3.68720e-05
8578.00  3.69297e-05
8578.50  3.69877e-05
8579.00  3.70438e-05
8579.50  3.70959e-05
8580.00  3.71417e-05
8580.50  3.71791e-05
8581.00  3.72065e-05
8581.50  3.72227e-05
8582.00  3.72267e-05
8582.50  3.72181e-05
8583.00  3.71967e-05
8583.50  3.71627e-05
8584.00  3.71159e-05
8584.50  3.70567e-05
8585.00  3.69853e-05
8585.50  3.69020e-05
8586.00  3.68072e-05
8586.50  3.67016e-05
8587.00  3.65858e-05
8587.50  3.64612e-05
8588.00  3.63292e-05
8588.50  3.61916e-05
8589.00  3.60505e-05
8589.50  3.59080e-05
8590.00  3.57663e-05
8590.50  3.56277e-05
8591.00  3.54941e-05
8591.50  3.53672e-05
8592.00  3.52486e-05
8592.50  3.51394e-05
8593.00  3.50407e-05
8593.50  3.49533e-05
8594.00  3.48784e-05
8594.50  3.48169e-05
8595.00  3.47701e-05
8595.50  3.47392e-05
8596.00  3.47256e-05
8596.50  3.47304e-05
8597.00  3.47543e-05
8597.50  3.47977e-05
8598.00  3.48602e-05
8598.50  3.49406e-05
8599.00  3.50372e-05
8599.50  3.51473e-05
8600.00  3.52679e-05
8600.50  3.53958e-05
8601.00  3.55273e-05
8601.50  3.56591e-05
8602.00  3.57883e-05
8602.50  3.59126e-05
8603.00  3.60298e-05
8603.50  3.61389e-05
8604.00  3.62390e-05
8604.50  3.63298e-05
8605.00  3.64110e-05
8605.50  3.64826e-05
8606.00  3.65445e-05
8606.50  3.65963e-05
8607.00  3.66377e-05
8607.50  3.66683e-05
8608.00  3.66879e-05
8608.50  3.66964e-05
8609.00  3.66941e-05
8609.50  3.66817e-05
8610.00  3.66603e-05
8610.50  3.66315e-05
8611.00  3.65969e-05
8611.50  3.65582e-05
8612.00  3.65171e-05
8612.50  3.64749e-05
8613.00  3.64325e-05
8613.50  3.63903e-05
8614.00  3.63481e-05
8614.50  3.63052e-05
8615.00  3.62606e-05
8615.50  3.62134e-05
8616.00  3.61627e-05
8616.50  3.61082e-05
8617.00  3.60504e-05
8617.50  3.59906e-05
8618.00  3.59307e-05
8618.50  3.58741e-05
8619.00  3.58245e-05
8619.50  3.57861e-05
8620.00  3.57631e-05
8620.50  3.57594e-05
8621.00  3.57781e-05
8621.50  3.58208e-05
8622.00  3.58880e-05
8622.50  3.59785e-05
8623.00  3.60893e-05
8623.50  3.62166e-05
8624.00  3.63554e-05
8624.50  3.64999e-05
8625.00  3.66445e-05
8625.50  3.67838e-05
8626.00  3.69131e-05
8626.50  3.70287e-05
8627.00  3.71281e-05
8627.50  3.72099e-05
8628.00  3.72738e-05
8628.50  3.73206e-05
8629.00  3.73517e-05
8629.50  3.73692e-05
8630.00  3.73756e-05
8630.50  3.73733e-05
8631.00  3.73646e-05
8631.50  3.73517e-05
8632.00  3.73359e-05
8632.50  3.73185e-05
8633.00  3.73001e-05
8633.50  3.72809e-05
8634.00  3.72607e-05
8634.50  3.72386e-05
8635.00  3.72141e-05
8635.50  3.71862e-05
8636.00  3.71541e-05
8636.50  3.71167e-05
8637.00  3.70736e-05
8637.50  3.70245e-05
8638.00  3.69697e-05
8638.50  3.69098e-05
8639.00  3.68461e-05
8639.50  3.67802e-05
8640.00  3.67139e-05
8640.50  3.66494e-05
8641.00  3.65887e-05
8641.50  3.65332e-05
8642.00  3.64840e-05
8642.50  3.64411e-05
8643.00  3.64039e-05
8643.50  3.63708e-05
8644.00  3.63398e-05
8644.50  3.63083e-05
8645.00  3.62738e-05
8645.50  3.62342e-05
8646.00  3.61879e-05
8646.50  3.61343e-05
8647.00  3.60736e-05
8647.50  3.60068e-05
8648.00  3.59358e-05
8648.50  3.58632e-05
8649.00  3.57915e-05
8649.50  3.57234e-05
8650.00  3.56608e-05
8650.50  3.56050e-05
8651.00  3.55564e-05
8651.50  3.55140e-05
8652.00  3.54753e-05
8652.50  3.54366e-05
8653.00  3.53924e-05
8653.50  3.53359e-05
8654.00  3.52593e-05
8654.50  3.51540e-05
8655.00  3.50112e-05
8655.50  3.48232e-05
8656.00  3.45837e-05
8656.50  3.42887e-05
8657.00  3.39381e-05
8657.50  3.35357e-05
8658.00  3.30896e-05
8658.50  3.26130e-05
8659.00  3.21229e-05
8659.50  3.16399e-05
8660.00  3.11864e-05
8660.50  3.07853e-05
8661.00  3.04580e-05
8661.50  3.02227e-05
8662.00  3.00928e-05
8662.50  3.00758e-05
8663.00  3.01728e-05
8663.50  3.03780e-05
8664.00  3.06801e-05
8664.50  3.10630e-05
8665.00  3.15071e-05
8665.50  3.19914e-05
8666.00  3.24946e-05
8666.50  3.29971e-05
8667.00  3.34818e-05
8667.50  3.39350e-05
8668.00  3.43467e-05
8668.50  3.47108e-05
8669.00  3.50242e-05
8669.50  3.52877e-05
8670.00  3.55040e-05
8670.50  3.56779e-05
8671.00  3.58150e-05
8671.50  3.59219e-05
8672.00  3.60050e-05
8672.50  3.60702e-05
8673.00  3.61230e-05
8673.50  3.61675e-05
8674.00  3.62069e-05
8674.50  3.62426e-05
8675.00  3.62758e-05
8675.50  3.63060e-05
8676.00  3.63319e-05
8676.50  3.63519e-05
8677.00  3.63640e-05
8677.50  3.63665e-05
8678.00  3.63582e-05
8678.50  3.63385e-05
8679.00  3.63074e-05
8679.50  3.62658e-05
8680.00  3.62151e-05
8680.50  3.61570e-05
8681.00  3.60936e-05
8681.50  3.60264e-05
8682.00  3.59570e-05
8682.50  3.58859e-05
8683.00  3.58138e-05
8683.50  3.57406e-05
8684.00  3.56665e-05
8684.50  3.55922e-05
8685.00  3.55188e-05
8685.50  3.54487e-05
8686.00  3.53857e-05
8686.50  3.53343e-05
8687.00  3.52996e-05
8687.50  3.52875e-05
8688.00  3.53026e-05
8688.50  3.53488e-05
8689.00  3.54281e-05
8689.50  3.55403e-05
8690.00  3.56829e-05
8690.50  3.58509e-05
8691.00  3.60375e-05
8691.50  3.62344e-05
8692.00  3.64326e-05
8692.50  3.66230e-05
8693.00  3.67969e-05
8693.50  3.69470e-05
8694.00  3.70675e-05
8694.50  3.71546e-05
8695.00  3.72067e-05
8695.50  3.72244e-05
8696.00  3.72105e-05
8696.50  3.71698e-05
8697.00  3.71088e-05
8697.50  3.70353e-05
8698.00  3.69571e-05
8698.50  3.68826e-05
8699.00  3.68196e-05
8699.50  3.67742e-05
8700.00  3.67508e-05
8700.50  3.67520e-05
8701.00  3.67776e-05
8701.50  3.68256e-05
8702.00  3.68919e-05
8702.50  3.69710e-05
8703.00  3.70570e-05
8703.50  3.71428e-05
8704.00  3.72229e-05
8704.50  3.72923e-05
8705.00  3.73473e-05
8705.50  3.73861e-05
8706.00  3.74085e-05
8706.50  3.74159e-05
8707.00  3.74108e-05
8707.50  3.73971e-05
8708.00  3.73789e-05
8708.50  3.73605e-05
8709.00  3.73458e-05
8709.50  3.73382e-05
8710.00  3.73400e-05
8710.50  3.73526e-05
8711.00  3.73761e-05
8711.50  3.74097e-05
8712.00  3.74517e-05
8712.50  3.74997e-05
8713.00  3.75509e-05
8713.50  3.76024e-05
8714.00  3.76511e-05
8714.50  3.76946e-05
8715.00  3.77309e-05
8715.50  3.77586e-05
8716.00  3.77770e-05
8716.50  3.77860e-05
8717.00  3.77862e-05
8717.50  3.77786e-05
8718.00  3.77644e-05
8718.50  3.77453e-05
8719.00  3.77224e-05
8719.50  3.76969e-05
8720.00  3.76694e-05
8720.50  3.76402e-05
8721.00  3.76089e-05
8721.50  3.75750e-05
8722.00  3.75371e-05
8722.50  3.74945e-05
8723.00  3.74463e-05
8723.50  3.73920e-05
8724.00  3.73319e-05
8724.50  3.72668e-05
8725.00  3.71986e-05
8725.50  3.71297e-05
8726.00  3.70632e-05
8726.50  3.70025e-05
8727.00  3.69506e-05
8727.50  3.69101e-05
8728.00  3.68824e-05
8728.50  3.68679e-05
8729.00  3.68657e-05
8729.50  3.68736e-05
8730.00  3.68882e-05
8730.50  3.69057e-05
8731.00  3.69220e-05
8731.50  3.69335e-05
8732.00  3.69374e-05
8732.50  3.69321e-05
8733.00  3.69171e-05
8733.50  3.68934e-05
8734.00  3.68629e-05
8734.50  3.68279e-05
8735.00  3.67910e-05
8735.50  3.67542e-05
8736.00  3.67186e-05
8736.50  3.66846e-05
8737.00  3.66512e-05
8737.50  3.66167e-05
8738.00  3.65787e-05
8738.50  3.65351e-05
8739.00  3.64837e-05
8739.50  3.64229e-05
8740.00  3.63521e-05
8740.50  3.62719e-05
8741.00  3.61832e-05
8741.50  3.60879e-05
8742.00  3.59878e-05
8742.50  3.58849e-05
8743.00  3.57805e-05
8743.50  3.56754e-05
8744.00  3.55703e-05
8744.50  3.54648e-05
8745.00  3.53586e-05
8745.50  3.52516e-05
8746.00  3.51438e-05
8746.50  3.50360e-05
8747.00  3.49299e-05
8747.50  3.48283e-05
8748.00  3.47348e-05
8748.50  3.46539e-05
8749.00  3.45907e-05
8749.50  3.45503e-05
8750.00  3.45373e-05
8750.50  3.45564e-05
8751.00  3.46099e-05
8751.50  3.46993e-05
8752.00  3.48237e-05
8752.50  3.49807e-05
8753.00  3.51656e-05
8753.50  3.53720e-05
8754.00  3.55924e-05
8754.50  3.58182e-05
8755.00  3.60406e-05
8755.50  3.62510e-05
8756.00  3.64414e-05
8756.50  3.66049e-05
8757.00  3.67364e-05
8757.50  3.68316e-05
8758.00  3.68888e-05
8758.50  3.69075e-05
8759.00  3.68890e-05
8759.50  3.68366e-05
8760.00  3.67545e-05
8760.50  3.66489e-05
8761.00  3.65264e-05
8761.50  3.63949e-05
8762.00  3.62622e-05
8762.50  3.61362e-05
8763.00  3.60241e-05
8763.50  3.59321e-05
8764.00  3.58647e-05
8764.50  3.58247e-05
8765.00  3.58126e-05
8765.50  3.58270e-05
8766.00  3.58646e-05
8766.50  3.59204e-05
8767.00  3.59884e-05
8767.50  3.60624e-05
8768.00  3.61363e-05
8768.50  3.62047e-05
8769.00  3.62640e-05
8769.50  3.63120e-05
8770.00  3.63487e-05
8770.50  3.63758e-05
8771.00  3.63969e-05
8771.50  3.64163e-05
8772.00  3.64395e-05
8772.50  3.64715e-05
8773.00  3.65169e-05
8773.50  3.65790e-05
8774.00  3.66594e-05
8774.50  3.67582e-05
8775.00  3.68735e-05
8775.50  3.70020e-05
8776.00  3.71391e-05
8776.50  3.72795e-05
8777.00  3.74179e-05
8777.50  3.75490e-05
8778.00  3.76684e-05
8778.50  3.77727e-05
8779.00  3.78592e-05
8779.50  3.79268e-05
8780.00  3.79755e-05
8780.50  3.80062e-05
8781.00  3.80203e-05
8781.50  3.80197e-05
8782.00  3.80066e-05
8782.50  3.79825e-05
8783.00  3.79493e-05
8783.50  3.79082e-05
8784.00  3.78595e-05
8784.50  3.78033e-05
8785.00  3.77396e-05
8785.50  3.76676e-05
8786.00  3.75871e-05
8786.50  3.74980e-05
8787.00  3.74007e-05
8787.50  3.72964e-05
8788.00  3.71869e-05
8788.50  3.70748e-05
8789.00  3.69629e-05
8789.50  3.68546e-05
8790.00  3.67531e-05
8790.50  3.66610e-05
8791.00  3.65808e-05
8791.50  3.65137e-05
8792.00  3.64606e-05
8792.50  3.64212e-05
8793.00  3.63950e-05
8793.50  3.63811e-05
8794.00  3.63783e-05
8794.50  3.63858e-05
8795.00  3.64027e-05
8795.50  3.64284e-05
8796.00  3.64624e-05
8796.50  3.65040e-05
8797.00  3.65525e-05
8797.50  3.66063e-05
8798.00  3.66635e-05
8798.50  3.67216e-05
8799.00  3.67775e-05
8799.50  3.68277e-05
8800.00  3.68690e-05
8800.50  3.68983e-05
8801.00  3.69135e-05
8801.50  3.69133e-05
8802.00  3.68979e-05
8802.50  3.68686e-05
8803.00  3.68282e-05
8803.50  3.67804e-05
8804.00  3.67299e-05
8804.50  3.66815e-05
8805.00  3.66403e-05
8805.50  3.66104e-05
8806.00  3.65956e-05
8806.50  3.65986e-05
8807.00  3.66207e-05
8807.50  3.66617e-05
8808.00  3.67205e-05
8808.50  3.67947e-05
8809.00  3.68813e-05
8809.50  3.69766e-05
8810.00  3.70767e-05
8810.50  3.71777e-05
8811.00  3.72763e-05
8811.50  3.73694e-05
8812.00  3.74545e-05
8812.50  3.75303e-05
8813.00  3.75955e-05
8813.50  3.76498e-05
8814.00  3.76931e-05
8814.50  3.77257e-05
8815.00  3.77481e-05
8815.50  3.77607e-05
8816.00  3.77642e-05
8816.50  3.77591e-05
8817.00  3.77463e-05
8817.50  3.77263e-05
8818.00  3.77004e-05
8818.50  3.76695e-05
8819.00  3.76352e-05
8819.50  3.75990e-05
8820.00  3.75629e-05
8820.50  3.75291e-05
8821.00  3.74997e-05
8821.50  3.74769e-05
8822.00  3.74624e-05
8822.50  3.74580e-05
8823.00  3.74649e-05
8823.50  3.74836e-05
8824.00  3.75140e-05
8824.50  3.75549e-05
8825.00  3.76049e-05
8825.50  3.76618e-05
8826.00  3.77225e-05
8826.50  3.77839e-05
8827.00  3.78423e-05
8827.50  3.78944e-05
8828.00  3.79368e-05
8828.50  3.79666e-05
8829.00  3.79815e-05
8829.50  3.79792e-05
8830.00  3.79587e-05
8830.50  3.79192e-05
8831.00  3.78604e-05
8831.50  3.77830e-05
8832.00  3.76879e-05
8832.50  3.75767e-05
8833.00  3.74519e-05
8833.50  3.73161e-05
8834.00  3.71731e-05
8834.50  3.70267e-05
8835.00  3.68819e-05
8835.50  3.67435e-05
8836.00  3.66167e-05
8836.50  3.65067e-05
8837.00  3.64180e-05
8837.50  3.63544e-05
8838.00  3.63185e-05
8838.50  3.63115e-05
8839.00  3.63333e-05
8839.50  3.63821e-05
8840.00  3.64549e-05
8840.50  3.65477e-05
8841.00  3.66555e-05
8841.50  3.67734e-05
8842.00  3.68961e-05
8842.50  3.70189e-05
8843.00  3.71376e-05
8843.50  3.72486e-05
8844.00  3.73492e-05
8844.50  3.74375e-05
8845.00  3.75120e-05
8845.50  3.75721e-05
8846.00  3.76178e-05
8846.50  3.76492e-05
8847.00  3.76671e-05
8847.50  3.76722e-05
8848.00  3.76658e-05
8848.50  3.76489e-05
8849.00  3.76227e-05
8849.50  3.75884e-05
8850.00  3.75467e-05
8850.50  3.74983e-05
8851.00  3.74431e-05
8851.50  3.73808e-05
8852.00  3.73099e-05
8852.50  3.72286e-05
8853.00  3.71341e-05
8853.50  3.70228e-05
8854.00  3.68907e-05
8854.50  3.67335e-05
8855.00  3.65471e-05
8855.50  3.63277e-05
8856.00  3.60726e-05
8856.50  3.57807e-05
8857.00  3.54528e-05
8857.50  3.50919e-05
8858.00  3.47032e-05
8858.50  3.42943e-05
8859.00  3.38743e-05
8859.50  3.34536e-05
8860.00  3.30431e-05
8860.50  3.26534e-05
8861.00  3.22937e-05
8861.50  3.19720e-05
8862.00  3.16939e-05
8862.50  3.14629e-05
8863.00  3.12805e-05
8863.50  3.11466e-05
8864.00  3.10595e-05
8864.50  3.10171e-05
8865.00  3.10171e-05
8865.50  3.10571e-05
8866.00  3.11347e-05
8866.50  3.12475e-05
8867.00  3.13926e-05
8867.50  3.15665e-05
8868.00  3.17645e-05
8868.50  3.19804e-05
8869.00  3.22070e-05
8869.50  3.24361e-05
8870.00  3.26588e-05
8870.50  3.28668e-05
8871.00  3.30526e-05
8871.50  3.32106e-05
8872.00  3.33374e-05
8872.50  3.34324e-05
8873.00  3.34978e-05
8873.50  3.35379e-05
8874.00  3.35590e-05
8874.50  3.35685e-05
8875.00  3.35739e-05
8875.50  3.35822e-05
8876.00  3.35990e-05
8876.50  3.36283e-05
8877.00  3.36717e-05
8877.50  3.37290e-05
8878.00  3.37982e-05
8878.50  3.38759e-05
8879.00  3.39578e-05
8879.50  3.40393e-05
8880.00  3.41159e-05
8880.50  3.41841e-05
8881.00  3.42407e-05
8881.50  3.42843e-05
8882.00  3.43138e-05
8882.50  3.43297e-05
8883.00  3.43333e-05
8883.50  3.43263e-05
8884.00  3.43113e-05
8884.50  3.42910e-05
8885.00  3.42681e-05
8885.50  3.42455e-05
8886.00  3.42256e-05
