8421.50  3.65166e-04
8414.50  3.71782e-04
8415.00  3.70949e-04
8415.50  3.70222e-04
8416.00  3.69588e-04
8416.50  3.69037e-04
8417.00  3.68562e-04
8417.50  3.68153e-04
8418.00  3.67799e-04
8418.50  3.67488e-04
8419.00  3.67199e-04
8419.50  3.66909e-04
8420.00  3.66589e-04
8420.50  3.66209e-04
8421.00  3.65741e-04
8421.50  3.65166e-04
8422.00  3.64477e-04
8422.50  3.63681e-04
8423.00  3.62803e-04
8423.50  3.61889e-04
8424.00  3.60999e-04
8424.50  3.60204e-04
8425.00  3.59577e-04
8425.50  3.59185e-04
8426.00  3.59085e-04
8426.50  3.59301e-04
8427.00  3.59834e-04
8427.50  3.60646e-04
8428.00  3.61673e-04
8428.50  3.62821e-04
8429.00  3.63977e-04
8429.50  3.65023e-04
8430.00  3.65846e-04
8430.50  3.66353e-04
8431.00  3.66477e-04
8431.50  3.66186e-04
8432.00  3.65484e-04
8432.50  3.64410e-04
8433.00  3.63040e-04
8433.50  3.61462e-04
8434.00  3.59784e-04
8434.50  3.58108e-04
8435.00  3.56532e-04
8435.50  3.55132e-04
8436.00  3.53967e-04
8436.50  3.53076e-04
8437.00  3.52474e-04
8437.50  3.52160e-04
8438.00  3.52119e-04
8438.50  3.52334e-04
8439.00  3.52782e-04
8439.50  3.53441e-04
8440.00  3.54293e-04
8440.50  3.55325e-04
8441.00  3.56527e-04
8441.50  3.57886e-04
8442.00  3.59395e-04
8442.50  3.61047e-04
8443.00  3.62827e-04
8443.50  3.64719e-04
8444.00  3.66700e-04
8444.50  3.68742e-04
8445.00  3.70810e-04
8445.50  3.72872e-04
8446.00  3.74892e-04
8446.50  3.76834e-04
8447.00  3.78670e-04
8447.50  3.80372e-04
8448.00  3.81922e-04
8448.50  3.83305e-04
8449.00  3.84513e-04
8449.50  3.85539e-04
8450.00  3.86379e-04
8450.50  3.87029e-04
8451.00  3.87491e-04
8451.50  3.87762e-04
8452.00  3.87845e-04
8452.50  3.87746e-04
8453.00  3.87479e-04
8453.50  3.87064e-04
8454.00  3.86528e-04
8454.50  3.85901e-04
8455.00  3.85225e-04
8455.50  3.84537e-04
8456.00  3.83869e-04
8456.50  3.83248e-04
8457.00  3.82686e-04
8457.50  3.82182e-04
8458.00  3.81719e-04
8458.50  3.81267e-04
8459.00  3.80780e-04
8459.50  3.80213e-04
8460.00  3.79513e-04
8460.50  3.78636e-04
8461.00  3.77546e-04
8461.50  3.76219e-04
8462.00  3.74653e-04
8462.50  3.72865e-04
8463.00  3.70888e-04
8463.50  3.68779e-04
8464.00  3.66606e-04
8464.50  3.64451e-04
8465.00  3.62402e-04
8465.50  3.60550e-04
8466.00  3.58982e-04
8466.50  3.57777e-04
8467.00  3.57003e-04
8467.50  3.56709e-04
8468.00  3.56921e-04
8468.50  3.57648e-04
8469.00  3.58872e-04
8469.50  3.60550e-04
8470.00  3.62620e-04
8470.50  3.65001e-04
8471.00  3.67597e-04
8471.50  3.70305e-04
8472.00  3.73018e-04
8472.50  3.75632e-04
8473.00  3.78051e-04
8473.50  3.80191e-04
8474.00  3.81982e-04
8474.50  3.83378e-04
8475.00  3.84352e-04
8475.50  3.84897e-04
8476.00  3.85028e-04
8476.50  3.84780e-04
8477.00  3.84209e-04
8477.50  3.83381e-04
8478.00  3.82380e-04
8478.50  3.81291e-04
8479.00  3.80201e-04
8479.50  3.79194e-04
8480.00  3.78342e-04
8480.50  3.77700e-04
8481.00  3.77305e-04
8481.50  3.77167e-04
8482.00  3.77278e-04
8482.50  3.77607e-04
8483.00  3.78106e-04
8483.50  3.78715e-04
8484.00  3.79371e-04
8484.50  3.80016e-04
8485.00  3.80591e-04
8485.50  3.81054e-04
8486.00  3.81366e-04
8486.50  3.81503e-04
8487.00  3.81445e-04
8487.50  3.81175e-04
8488.00  3.80674e-04
8488.50  3.79916e-04
8489.00  3.78871e-04
8489.50  3.77496e-04
8490.00  3.75745e-04
8490.50  3.73571e-04
8491.00  3.70932e-04
8491.50  3.67799e-04
8492.00  3.64161e-04
8492.50  3.60038e-04
8493.00  3.55482e-04
8493.50  3.50578e-04
8494.00  3.45449e-04
8494.50  3.40245e-04
8495.00  3.35138e-04
8495.50  3.30309e-04
8496.00  3.25937e-04
8496.50  3.22185e-04
8497.00  3.19180e-04
8497.50  3.17018e-04
8498.00  3.15746e-04
8498.50  3.15368e-04
8499.00  3.15846e-04
8499.50  3.17109e-04
8500.00  3.19061e-04
8500.50  3.21599e-04
8501.00  3.24611e-04
8501.50  3.27996e-04
8502.00  3.31656e-04
8502.50  3.35505e-04
8503.00  3.39462e-04
8503.50  3.43453e-04
8504.00  3.47399e-04
8504.50  3.51223e-04
8505.00  3.54837e-04
8505.50  3.58151e-04
8506.00  3.61075e-04
8506.50  3.63523e-04
8507.00  3.65420e-04
8507.50  3.66711e-04
8508.00  3.67364e-04
8508.50  3.67379e-04
8509.00  3.66785e-04
8509.50  3.65648e-04
8510.00  3.64061e-04
8510.50  3.62141e-04
8511.00  3.60024e-04
8511.50  3.57857e-04
8512.00  3.55781e-04
8512.50  3.53936e-04
8513.00  3.52436e-04
8513.50  3.51375e-04
8514.00  3.50815e-04
8514.50  3.50785e-04
8515.00  3.51283e-04
8515.50  3.52273e-04
8516.00  3.53698e-04
8516.50  3.55475e-04
8517.00  3.57516e-04
8517.50  3.59722e-04
8518.00  3.61998e-04
8518.50  3.64255e-04
8519.00  3.66413e-04
8519.50  3.68408e-04
8520.00  3.70189e-04
8520.50  3.71725e-04
8521.00  3.72998e-04
8521.50  3.74005e-04
8522.00  3.74760e-04
8522.50  3.75286e-04
8523.00  3.75618e-04
8523.50  3.75797e-04
8524.00  3.75867e-04
8524.50  3.75873e-04
8525.00  3.75857e-04
8525.50  3.75852e-04
8526.00  3.75883e-04
8526.50  3.75961e-04
8527.00  3.76084e-04
8527.50  3.76237e-04
8528.00  3.76391e-04
8528.50  3.76511e-04
8529.00  3.76549e-04
8529.50  3.76459e-04
8530.00  3.76190e-04
8530.50  3.75700e-04
8531.00  3.74947e-04
8531.50  3.73900e-04
8532.00  3.72529e-04
8532.50  3.70815e-04
8533.00  3.68736e-04
8533.50  3.66277e-04
8534.00  3.63420e-04
8534.50  3.60149e-04
8535.00  3.56447e-04
8535.50  3.52303e-04
8536.00  3.47718e-04
8536.50  3.42705e-04
8537.00  3.37305e-04
8537.50  3.31588e-04
8538.00  3.25658e-04
8538.50  3.19660e-04
8539.00  3.13768e-04
8539.50  3.08187e-04
8540.00  3.03135e-04
8540.50  2.98829e-04
8541.00  2.95467e-04
8541.50  2.93213e-04
8542.00  2.92180e-04
8542.50  2.92417e-04
8543.00  2.93909e-04
8543.50  2.96573e-04
8544.00  3.00270e-04
8544.50  3.04814e-04
8545.00  3.09993e-04
8545.50  3.15585e-04
8546.00  3.21371e-04
8546.50  3.27154e-04
8547.00  3.32767e-04
8547.50  3.38080e-04
8548.00  3.42997e-04
8548.50  3.47461e-04
8549.00  3.51443e-04
8549.50  3.54939e-04
8550.00  3.57966e-04
8550.50  3.60550e-04
8551.00  3.62731e-04
8551.50  3.64554e-04
8552.00  3.66072e-04
8552.50  3.67338e-04
8553.00  3.68409e-04
8553.50  3.69342e-04
8554.00  3.70196e-04
8554.50  3.71022e-04
8555.00  3.71862e-04
8555.50  3.72752e-04
8556.00  3.73708e-04
8556.50  3.74736e-04
8557.00  3.75822e-04
8557.50  3.76938e-04
8558.00  3.78048e-04
8558.50  3.79103e-04
8559.00  3.80054e-04
8559.50  3.80849e-04
8560.00  3.81445e-04
8560.50  3.81803e-04
8561.00  3.81902e-04
8561.50  3.81733e-04
8562.00  3.81302e-04
8562.50  3.80631e-04
8563.00  3.79759e-04
8563.50  3.78735e-04
8564.00  3.77620e-04
8564.50  3.76479e-04
8565.00  3.75382e-04
8565.50  3.74392e-04
8566.00  3.73566e-04
8566.50  3.72949e-04
8567.00  3.72570e-04
8567.50  3.72440e-04
8568.00  3.72555e-04
8568.50  3.72890e-04
8569.00  3.73409e-04
8569.50  3.74066e-04
8570.00  3.74810e-04
8570.50  3.75588e-04
8571.00  3.76357e-04
8571.50  3.77081e-04
8572.00  3.77735e-04
8572.50  3.78313e-04
8573.00  3.78817e-04
8573.50  3.79262e-04
8574.00  3.79672e-04
8574.50  3.80074e-04
8575.00  3.80494e-04
8575.50  3.80955e-04
8576.00  3.81472e-04
8576.50  3.82053e-04
8577.00  3.82694e-04
8577.50  3.83380e-04
8578.00  3.84094e-04
8578.50  3.84806e-04
8579.00  3.85487e-04
8579.50  3.86107e-04
8580.00  3.86637e-04
8580.50  3.87052e-04
8581.00  3.87333e-04
8581.50  3.87467e-04
8582.00  3.87445e-04
8582.50  3.87264e-04
8583.00  3.86927e-04
8583.50  3.86438e-04
8584.00  3.85803e-04
8584.50  3.85029e-04
8585.00  3.84122e-04
8585.50  3.83089e-04
8586.00  3.81938e-04
8586.50  3.80675e-04
8587.00  3.79308e-04
8587.50  3.77847e-04
8588.00  3.76304e-04
8588.50  3.74693e-04
8589.00  3.73030e-04
8589.50  3.71332e-04
8590.00  3.69618e-04
8590.50  3.67908e-04
8591.00  3.66221e-04
8591.50  3.64577e-04
8592.00  3.62997e-04
8592.50  3.61504e-04
8593.00  3.60118e-04
8593.50  3.58866e-04
8594.00  3.57772e-04
8594.50  3.56863e-04
8595.00  3.56165e-04
8595.50  3.55700e-04
8596.00  3.55489e-04
8596.50  3.55540e-04
8597.00  3.55858e-04
8597.50  3.56433e-04
8598.00  3.57247e-04
8598.50  3.58268e-04
8599.00  3.59461e-04
8599.50  3.60779e-04
8600.00  3.62178e-04
8600.50  3.63613e-04
8601.00  3.65042e-04
8601.50  3.66433e-04
8602.00  3.67760e-04
8602.50  3.69009e-04
8603.00  3.70173e-04
8603.50  3.71253e-04
8604.00  3.72256e-04
8604.50  3.73188e-04
8605.00  3.74060e-04
8605.50  3.74876e-04
8606.00  3.75639e-04
8606.50  3.76345e-04
8607.00  3.76988e-04
8607.50  3.77556e-04
8608.00  3.78037e-04
8608.50  3.78422e-04
8609.00  3.78703e-04
8609.50  3.78874e-04
8610.00  3.78937e-04
8610.50  3.78896e-04
8611.00  3.78759e-04
8611.50  3.78538e-04
8612.00  3.78241e-04
8612.50  3.77879e-04
8613.00  3.77457e-04
8613.50  3.76978e-04
8614.00  3.76439e-04
8614.50  3.75837e-04
8615.00  3.75166e-04
8615.50  3.74422e-04
8616.00  3.73604e-04
8616.50  3.72722e-04
8617.00  3.71791e-04
8617.50  3.70840e-04
8618.00  3.69905e-04
8618.50  3.69034e-04
8619.00  3.68282e-04
8619.50  3.67707e-04
8620.00  3.67360e-04
8620.50  3.67290e-04
8621.00  3.67530e-04
8621.50  3.68098e-04
8622.00  3.68988e-04
8622.50  3.70177e-04
8623.00  3.71620e-04
8623.50  3.73258e-04
8624.00  3.75018e-04
8624.50  3.76822e-04
8625.00  3.78590e-04
8625.50  3.80249e-04
8626.00  3.81739e-04
8626.50  3.83011e-04
8627.00  3.84035e-04
8627.50  3.84797e-04
8628.00  3.85302e-04
8628.50  3.85568e-04
8629.00  3.85622e-04
8629.50  3.85506e-04
8630.00  3.85262e-04
8630.50  3.84931e-04
8631.00  3.84554e-04
8631.50  3.84164e-04
8632.00  3.83786e-04
8632.50  3.83437e-04
8633.00  3.83122e-04
8633.50  3.82840e-04
8634.00  3.82581e-04
8634.50  3.82328e-04
8635.00  3.82066e-04
8635.50  3.81775e-04
8636.00  3.81438e-04
8636.50  3.81037e-04
8637.00  3.80563e-04
8637.50  3.80010e-04
8638.00  3.79380e-04
8638.50  3.78678e-04
8639.00  3.77920e-04
8639.50  3.77124e-04
8640.00  3.76310e-04
8640.50  3.75504e-04
8641.00  3.74727e-04
8641.50  3.73997e-04
8642.00  3.73324e-04
8642.50  3.72711e-04
8643.00  3.72151e-04
8643.50  3.71627e-04
8644.00  3.71117e-04
8644.50  3.70596e-04
8645.00  3.70036e-04
8645.50  3.69418e-04
8646.00  3.68727e-04
8646.50  3.67959e-04
8647.00  3.67119e-04
8647.50  3.66222e-04
8648.00  3.65290e-04
8648.50  3.64352e-04
8649.00  3.63437e-04
8649.50  3.62571e-04
8650.00  3.61774e-04
8650.50  3.61059e-04
8651.00  3.60425e-04
8651.50  3.59860e-04
8652.00  3.59335e-04
8652.50  3.58806e-04
8653.00  3.58215e-04
8653.50  3.57486e-04
8654.00  3.56536e-04
8654.50  3.55272e-04
8655.00  3.53602e-04
8655.50  3.51442e-04
8656.00  3.48725e-04
8656.50  3.45412e-04
8657.00  3.41498e-04
8657.50  3.37027e-04
8658.00  3.32086e-04
8658.50  3.26816e-04
8659.00  3.21402e-04
8659.50  3.16063e-04
8660.00  3.11043e-04
8660.50  3.06589e-04
8661.00  3.02931e-04
8661.50  3.00268e-04
8662.00  2.98748e-04
8662.50  2.98455e-04
8663.00  2.99403e-04
8663.50  3.01534e-04
8664.00  3.04730e-04
8664.50  3.08818e-04
8665.00  3.13588e-04
8665.50  3.18815e-04
8666.00  3.24268e-04
8666.50  3.29735e-04
8667.00  3.35028e-04
8667.50  3.39997e-04
8668.00  3.44534e-04
8668.50  3.48571e-04
8669.00  3.52076e-04
8669.50  3.55058e-04
8670.00  3.57547e-04
8670.50  3.59598e-04
8671.00  3.61273e-04
8671.50  3.62644e-04
8672.00  3.63778e-04
8672.50  3.64738e-04
8673.00  3.65574e-04
8673.50  3.66324e-04
8674.00  3.67011e-04
8674.50  3.67641e-04
8675.00  3.68215e-04
8675.50  3.68719e-04
8676.00  3.69131e-04
8676.50  3.69435e-04
8677.00  3.69608e-04
8677.50  3.69640e-04
8678.00  3.69527e-04
8678.50  3.69273e-04
8679.00  3.68893e-04
8679.50  3.68408e-04
8680.00  3.67843e-04
8680.50  3.67223e-04
8681.00  3.66573e-04
8681.50  3.65910e-04
8682.00  3.65245e-04
8682.50  3.64579e-04
8683.00  3.63909e-04
8683.50  3.63227e-04
8684.00  3.62526e-04
8684.50  3.61807e-04
8685.00  3.61079e-04
8685.50  3.60362e-04
8686.00  3.59699e-04
8686.50  3.59139e-04
8687.00  3.58740e-04
8687.50  3.58565e-04
8688.00  3.58671e-04
8688.50  3.59101e-04
8689.00  3.59880e-04
8689.50  3.61008e-04
8690.00  3.62456e-04
8690.50  3.64171e-04
8691.00  3.66078e-04
8691.50  3.68086e-04
8692.00  3.70092e-04
8692.50  3.71996e-04
8693.00  3.73701e-04
8693.50  3.75126e-04
8694.00  3.76205e-04
8694.50  3.76899e-04
8695.00  3.77194e-04
8695.50  3.77098e-04
8696.00  3.76650e-04
8696.50  3.75907e-04
8697.00  3.74950e-04
8697.50  3.73871e-04
8698.00  3.72767e-04
8698.50  3.71738e-04
8699.00  3.70875e-04
8699.50  3.70253e-04
8700.00  3.69925e-04
8700.50  3.69920e-04
8701.00  3.70238e-04
8701.50  3.70851e-04
8702.00  3.71711e-04
8702.50  3.72748e-04
8703.00  3.73884e-04
8703.50  3.75034e-04
8704.00  3.76120e-04
8704.50  3.77077e-04
8705.00  3.77853e-04
8705.50  3.78417e-04
8706.00  3.78762e-04
8706.50  3.78899e-04
8707.00  3.78857e-04
8707.50  3.78681e-04
8708.00  3.78423e-04
8708.50  3.78139e-04
8709.00  3.77882e-04
8709.50  3.77700e-04
8710.00  3.77628e-04
8710.50  3.77690e-04
8711.00  3.77895e-04
8711.50  3.78238e-04
8712.00  3.78701e-04
8712.50  3.79256e-04
8713.00  3.79868e-04
8713.50  3.80499e-04
8714.00  3.81108e-04
8714.50  3.81659e-04
8715.00  3.82123e-04
8715.50  3.82477e-04
8716.00  3.82706e-04
8716.50  3.82806e-04
8717.00  3.82781e-04
8717.50  3.82640e-04
8718.00  3.82399e-04
8718.50  3.82078e-04
8719.00  3.81694e-04
8719.50  3.81264e-04
8720.00  3.80799e-04
8720.50  3.80306e-04
8721.00  3.79785e-04
8721.50  3.79230e-04
8722.00  3.78630e-04
8722.50  3.77977e-04
8723.00  3.77261e-04
8723.50  3.76475e-04
8724.00  3.75624e-04
8724.50  3.74716e-04
8725.00  3.73774e-04
8725.50  3.72826e-04
8726.00  3.71911e-04
8726.50  3.71067e-04
8727.00  3.70334e-04
8727.50  3.69743e-04
8728.00  3.69315e-04
8728.50  3.69056e-04
8729.00  3.68958e-04
8729.50  3.68994e-04
8730.00  3.69127e-04
8730.50  3.69310e-04
8731.00  3.69493e-04
8731.50  3.69630e-04
8732.00  3.69685e-04
8732.50  3.69635e-04
8733.00  3.69471e-04
8733.50  3.69199e-04
8734.00  3.68840e-04
8734.50  3.68420e-04
8735.00  3.67965e-04
8735.50  3.67499e-04
8736.00  3.67035e-04
8736.50  3.66575e-04
8737.00  3.66111e-04
8737.50  3.65621e-04
8738.00  3.65077e-04
8738.50  3.64452e-04
8739.00  3.63722e-04
8739.50  3.62867e-04
8740.00  3.61884e-04
8740.50  3.60776e-04
8741.00  3.59561e-04
8741.50  3.58261e-04
8742.00  3.56903e-04
8742.50  3.55514e-04
8743.00  3.54114e-04
8743.50  3.52718e-04
8744.00  3.51335e-04
8744.50  3.49966e-04
8745.00  3.48609e-04
8745.50  3.47261e-04
8746.00  3.45923e-04
8746.50  3.44604e-04
8747.00  3.43320e-04
8747.50  3.42100e-04
8748.00  3.40986e-04
8748.50  3.40028e-04
8749.00  3.39284e-04
8749.50  3.38814e-04
8750.00  3.38672e-04
8750.50  3.38913e-04
8751.00  3.39567e-04
8751.50  3.40653e-04
8752.00  3.42165e-04
8752.50  3.44073e-04
8753.00  3.46325e-04
8753.50  3.48848e-04
8754.00  3.51554e-04
8754.50  3.54343e-04
8755.00  3.57112e-04
8755.50  3.59759e-04
8756.00  3.62189e-04
8756.50  3.64320e-04
8757.00  3.66087e-04
8757.50  3.67437e-04
8758.00  3.68344e-04
8758.50  3.68794e-04
8759.00  3.68794e-04
8759.50  3.68372e-04
8760.00  3.67569e-04
8760.50  3.66444e-04
8761.00  3.65070e-04
8761.50  3.63530e-04
8762.00  3.61913e-04
8762.50  3.60311e-04
8763.00  3.58812e-04
8763.50  3.57497e-04
8764.00  3.56430e-04
8764.50  3.55656e-04
8765.00  3.55199e-04
8765.50  3.55059e-04
8766.00  3.55211e-04
8766.50  3.55614e-04
8767.00  3.56205e-04
8767.50  3.56921e-04
8768.00  3.57692e-04
8768.50  3.58457e-04
8769.00  3.59166e-04
8769.50  3.59787e-04
8770.00  3.60310e-04
8770.50  3.60743e-04
8771.00  3.61115e-04
8771.50  3.61468e-04
8772.00  3.61854e-04
8772.50  3.62323e-04
8773.00  3.62923e-04
8773.50  3.63689e-04
8774.00  3.64640e-04
8774.50  3.65777e-04
8775.00  3.67082e-04
8775.50  3.68521e-04
8776.00  3.70047e-04
8776.50  3.71600e-04
8777.00  3.73127e-04
8777.50  3.74570e-04
8778.00  3.75878e-04
8778.50  3.77014e-04
8779.00  3.77946e-04
8779.50  3.78661e-04
8780.00  3.79156e-04
8780.50  3.79441e-04
8781.00  3.79529e-04
8781.50  3.79444e-04
8782.00  3.79208e-04
8782.50  3.78844e-04
8783.00  3.78376e-04
8783.50  3.77821e-04
8784.00  3.77187e-04
8784.50  3.76482e-04
8785.00  3.75707e-04
8785.50  3.74858e-04
8786.00  3.73934e-04
8786.50  3.72935e-04
8787.00  3.71863e-04
8787.50  3.70730e-04
8788.00  3.69552e-04
8788.50  3.68354e-04
8789.00  3.67162e-04
8789.50  3.66008e-04
8790.00  3.64923e-04
8790.50  3.63931e-04
8791.00  3.63054e-04
8791.50  3.62305e-04
8792.00  3.61689e-04
8792.50  3.61205e-04
8793.00  3.60847e-04
8793.50  3.60610e-04
8794.00  3.60485e-04
8794.50  3.60469e-04
8795.00  3.60559e-04
8795.50  3.60758e-04
8796.00  3.61067e-04
8796.50  3.61487e-04
8797.00  3.62014e-04
8797.50  3.62634e-04
8798.00  3.63329e-04
8798.50  3.64070e-04
8799.00  3.64819e-04
8799.50  3.65534e-04
8800.00  3.66172e-04
8800.50  3.66694e-04
8801.00  3.67068e-04
8801.50  3.67272e-04
8802.00  3.67302e-04
8802.50  3.67166e-04
8803.00  3.66887e-04
8803.50  3.66502e-04
8804.00  3.66055e-04
8804.50  3.65598e-04
8805.00  3.65181e-04
8805.50  3.64847e-04
8806.00  3.64638e-04
8806.50  3.64582e-04
8807.00  3.64695e-04
8807.50  3.64982e-04
8808.00  3.65434e-04
8808.50  3.66032e-04
8809.00  3.66753e-04
8809.50  3.67565e-04
8810.00  3.68433e-04
8810.50  3.69326e-04
8811.00  3.70214e-04
8811.50  3.71068e-04
8812.00  3.71868e-04
8812.50  3.72599e-04
8813.00  3.73249e-04
8813.50  3.73810e-04
8814.00  3.74279e-04
8814.50  3.74654e-04
8815.00  3.74934e-04
8815.50  3.75118e-04
8816.00  3.75209e-04
8816.50  3.75208e-04
8817.00  3.75122e-04
8817.50  3.74958e-04
8818.00  3.74730e-04
8818.50  3.74453e-04
8819.00  3.74148e-04
8819.50  3.73837e-04
8820.00  3.73545e-04
8820.50  3.73298e-04
8821.00  3.73120e-04
8821.50  3.73032e-04
8822.00  3.73049e-04
8822.50  3.73183e-04
8823.00  3.73437e-04
8823.50  3.73808e-04
8824.00  3.74286e-04
8824.50  3.74846e-04
8825.00  3.75471e-04
8825.50  3.76127e-04
8826.00  3.76782e-04
8826.50  3.77400e-04
8827.00  3.77945e-04
8827.50  3.78383e-04
8828.00  3.78684e-04
8828.50  3.78819e-04
8829.00  3.78771e-04
8829.50  3.78521e-04
8830.00  3.78063e-04
8830.50  3.77393e-04
8831.00  3.76517e-04
8831.50  3.75444e-04
8832.00  3.74192e-04
8832.50  3.72784e-04
8833.00  3.71248e-04
8833.50  3.69619e-04
8834.00  3.67938e-04
8834.50  3.66249e-04
8835.00  3.64601e-04
8835.50  3.63045e-04
8836.00  3.61633e-04
8836.50  3.60413e-04
8837.00  3.59428e-04
8837.50  3.58714e-04
8838.00  3.58291e-04
8838.50  3.58173e-04
8839.00  3.58354e-04
8839.50  3.58816e-04
8840.00  3.59530e-04
8840.50  3.60457e-04
8841.00  3.61552e-04
8841.50  3.62765e-04
8842.00  3.64047e-04
8842.50  3.65352e-04
8843.00  3.66635e-04
8843.50  3.67861e-04
8844.00  3.68996e-04
8844.50  3.70015e-04
8845.00  3.70897e-04
8845.50  3.71629e-04
8846.00  3.72200e-04
8846.50  3.72607e-04
8847.00  3.72851e-04
8847.50  3.72936e-04
8848.00  3.72872e-04
8848.50  3.72673e-04
8849.00  3.72355e-04
8849.50  3.71937e-04
8850.00  3.71440e-04
8850.50  3.70881e-04
8851.00  3.70278e-04
8851.50  3.69643e-04
8852.00  3.68982e-04
8852.50  3.68295e-04
8853.00  3.67569e-04
8853.50  3.66785e-04
8854.00  3.65915e-04
8854.50  3.64920e-04
8855.00  3.63760e-04
8855.50  3.62390e-04
8856.00  3.60767e-04
8856.50  3.58860e-04
8857.00  3.56648e-04
8857.50  3.54128e-04
8858.00  3.51319e-04
8858.50  3.48260e-04
8859.00  3.45014e-04
8859.50  3.41658e-04
8860.00  3.38285e-04
8860.50  3.34990e-04
8861.00  3.31871e-04
8861.50  3.29015e-04
8862.00  3.26494e-04
8862.50  3.24368e-04
8863.00  3.22673e-04
8863.50  3.21433e-04
8864.00  3.20654e-04
8864.50  3.20335e-04
8865.00  3.20466e-04
8865.50  3.21034e-04
8866.00  3.22024e-04
8866.50  3.23414e-04
8867.00  3.25177e-04
8867.50  3.27275e-04
8868.00  3.29658e-04
8868.50  3.32260e-04
8869.00  3.35001e-04
8869.50  3.37791e-04
8870.00  3.40535e-04
8870.50  3.43138e-04
8871.00  3.45517e-04
8871.50  3.47605e-04
8872.00  3.49362e-04
8872.50  3.50773e-04
8873.00  3.51853e-04
8873.50  3.52643e-04
8874.00  3.53205e-04
8874.50  3.53611e-04
8875.00  3.53939e-04
8875.50  3.54262e-04
8876.00  3.54639e-04
8876.50  3.55115e-04
8877.00  3.55710e-04
8877.50  3.56424e-04
8878.00  3.57243e-04
8878.50  3.58135e-04
8879.00  3.59060e-04
8879.50  3.59977e-04
8880.00  3.60847e-04
8880.50  3.61637e-04
8881.00  3.62327e-04
8881.50  3.62906e-04
8882.00  3.63370e-04
8882.50  3.63731e-04
8883.00  3.64005e-04
8883.50  3.64209e-04
8884.00  3.64365e-04
8884.50  3.64495e-04
8885.00  3.64617e-04
8885.50  3.64744e-04
8886.00  3.64890e-04
