5658.00  4.87397e-05
5644.00  1.66635e-05
5645.00  5.06456e-05
5646.00  5.43867e-05
5647.00  5.37048e-05
5648.00  5.28538e-05
5649.00  5.27966e-05
5650.00  2.86433e-05
5651.00  5.46788e-05
5652.00  4.96999e-05
5653.00  5.32598e-05
5654.00  5.24760e-05
5655.00  5.24408e-05
5656.00  5.42641e-05
5657.00  5.41531e-05
5658.00  4.87397e-05
5659.00  5.24633e-05
5660.00  5.36301e-05
5661.00  4.71429e-05
5662.00  4.79754e-05
5663.00  3.35925e-05
5664.00  2.52244e-05
5665.00  5.44054e-05
5666.00  5.52186e-05
5667.00  5.44518e-05
5668.00  5.43429e-05
5669.00  2.54325e-05
5670.00  4.67471e-05
5671.00  5.53290e-05
5672.00  5.35970e-05
5673.00  5.28833e-05
5674.00  5.45264e-05
5675.00  5.38852e-05
5676.00  5.35955e-05
5677.00  5.41029e-05
5678.00  5.16191e-05
5679.00  2.00793e-05
5680.00  5.26768e-05
5681.00  5.32929e-05
5682.00  5.52560e-05
5683.00  4.30578e-05
5684.00  5.47222e-05
5685.00  5.45255e-05
5686.00  5.37786e-05
5687.00  5.17785e-05
5688.00  5.40582e-05
5689.00  5.43761e-05
5690.00  5.31070e-05
5691.00  5.42892e-05
5692.00  5.37557e-05
5693.00  5.38754e-05
5694.00  5.44776e-05
5695.00  2.07272e-05
5696.00  5.27094e-05
5697.00  5.23657e-05
5698.00  3.40292e-05
5699.00  5.48282e-05
5700.00  5.47623e-05
5701.00  5.36461e-05
5702.00  4.82295e-05
5703.00  5.32542e-05
5704.00  5.46917e-05
5705.00  5.46017e-05
5706.00  1.42235e-05
5707.00  2.27907e-05
5708.00  5.45372e-05
5709.00  5.02169e-05
5710.00  5.09994e-05
5711.00  3.01140e-05
5712.00  5.20645e-05
5713.00  5.35499e-05
5714.00  5.42362e-05
5715.00  3.47064e-05
5716.00  5.27246e-05
5717.00  5.40559e-05
5718.00  5.32991e-05
5719.00  4.85042e-05
5720.00  5.46678e-05
5721.00  2.55380e-05
5722.00  5.32439e-05
5723.00  5.36134e-05
5724.00  5.37806e-05
5725.00  5.42051e-05
5726.00  5.12634e-05
5727.00  2.50331e-05
5728.00  5.41643e-05
5729.00  5.25705e-05
5730.00  5.41555e-05
5731.00  5.21795e-05
5732.00  5.17273e-05
5733.00  5.43639e-05
5734.00  4.28088e-05
5735.00  5.30087e-05
5736.00  5.36215e-05
5737.00  4.08470e-05
5738.00  5.40475e-05
5739.00  5.13953e-05
5740.00  3.54085e-05
5741.00  5.27619e-05
5742.00  5.29491e-05
5743.00  4.61437e-05
5744.00  5.00536e-05
5745.00  5.23173e-05
5746.00  5.20345e-05
5747.00  5.25892e-05
5748.00  3.82917e-05
5749.00  5.02299e-05
5750.00  5.16762e-05
5751.00  5.33691e-05
5752.00  2.47430e-05
5753.00  5.14914e-05
5754.00  4.82931e-05
5755.00  5.42111e-05
5756.00  5.40023e-05
5757.00  5.19732e-05
5758.00  5.39027e-05
5759.00  5.40771e-05
5760.00  4.27212e-05
5761.00  5.05422e-05
5762.00  5.24119e-05
5763.00  1.08285e-05
5764.00  5.38561e-05
5765.00  5.22993e-05
5766.00  5.27222e-05
5767.00  5.36362e-05
5768.00  4.95256e-05
5769.00  4.87005e-05
5770.00  5.07297e-05
5771.00  5.17335e-05
5772.00  5.11411e-05
5773.00  5.26660e-05
5774.00  3.73019e-05
5775.00  4.23322e-05
5776.00  5.03192e-05
5777.00  5.40009e-05
5778.00  5.23740e-05
5779.00  5.37890e-05
5780.00  5.24353e-05
5781.00  5.18476e-05
5782.00  5.17828e-05
5783.00  4.20646e-05
5784.00  5.04569e-05
5785.00  2.68055e-05
5786.00  3.41655e-05
5787.00  3.95148e-05
5788.00  4.09172e-05
5789.00  3.31947e-05
5790.00  5.17174e-05
5791.00  1.40970e-05
5792.00  5.12843e-05
5793.00  4.35730e-05
5794.00  4.93527e-05
5795.00  3.60657e-05
5796.00  4.98687e-05
5797.00  5.48507e-05
5798.00  5.12415e-05
5799.00  5.03431e-05
5800.00  5.31185e-05
5801.00  5.25794e-05
5802.00  5.29612e-05
5803.00  5.20908e-05
5804.00  2.83744e-05
5805.00  5.07917e-05
5806.00  5.17028e-05
5807.00  5.22942e-05
5808.00  4.85859e-05
5809.00  5.22450e-05
5810.00  5.13588e-05
5811.00  4.98640e-05
5812.00  5.11512e-05
5813.00  4.80567e-05
5814.00  4.48684e-05
5815.00  5.24324e-05
5816.00  4.07640e-05
5817.00  4.71838e-05
5818.00  5.20214e-05
5819.00  5.29662e-05
5820.00  5.05306e-05
5821.00  5.06310e-05
5822.00  5.21469e-05
5823.00  4.79097e-05
5824.00  5.15223e-05
5825.00  5.01898e-05
5826.00  5.05711e-05
5827.00  5.23811e-05
5828.00  5.21005e-05
5829.00  5.10984e-05
5830.00  5.17532e-05
5831.00  4.98809e-05
5832.00  4.93217e-05
5833.00  4.98808e-05
5834.00  2.55582e-05
5835.00  5.05657e-05
5836.00  5.39699e-05
5837.00  4.92475e-05
5838.00  3.51966e-05
5839.00  5.01623e-05
5840.00  5.02028e-05
5841.00  5.09353e-05
5842.00  4.94495e-05
5843.00  5.04847e-05
5844.00  5.09280e-05
5845.00  4.96310e-05
5846.00  4.46807e-05
5847.00  2.54180e-05
5848.00  4.48358e-05
5849.00  4.33570e-05
5850.00  5.18027e-05
5851.00  5.26095e-05
5852.00  5.04171e-05
5853.00  5.09698e-05
5854.00  5.16060e-05
5855.00  4.69706e-05
5856.00  4.61576e-05
5857.00  5.07451e-05
5858.00  5.02581e-05
5859.00  5.34785e-05
5860.00  4.92658e-05
5861.00  4.98481e-05
5862.00  5.13164e-05
5863.00  5.09339e-05
5864.00  4.77881e-05
5865.00  4.79449e-05
5866.00  4.49273e-05
5867.00  5.18146e-05
5868.00  5.09839e-05
5869.00  5.16315e-05
5870.00  5.00395e-05
5871.00  5.04410e-05
5872.00  5.04813e-05
5873.00  4.74776e-05
5874.00  4.76245e-05
5875.00  5.04798e-05
5876.00  5.12460e-05
5877.00  5.03577e-05
5878.00  4.79106e-05
5879.00  4.86315e-05
5880.00  3.79530e-05
5881.00  4.92912e-05
5882.00  5.10739e-05
5883.00  4.85544e-05
5884.00  4.83203e-05
5885.00  4.28345e-05
5886.00  5.03871e-05
5887.00  4.99867e-05
5888.00  4.75631e-05
5889.00  4.53891e-05
5890.00  5.90429e-06
5891.00  4.53897e-05
5892.00  4.86496e-05
5893.00  4.84042e-05
5894.00  4.89936e-05
5895.00  4.62916e-05
5896.00  6.42937e-06
5897.00  4.76637e-05
5898.00  4.63482e-05
5899.00  4.74394e-05
5900.00  4.86701e-05
5901.00  4.88266e-05
5902.00  4.89220e-05
5903.00  4.97225e-05
5904.00  4.59750e-05
5905.00  4.57274e-05
5906.00  5.15221e-05
5907.00  4.66108e-05
5908.00  4.87471e-05
5909.00  4.92408e-05
5910.00  2.23600e-05
5911.00  4.91300e-05
5912.00  3.64401e-05
5913.00  4.91853e-05
5914.00  4.71811e-05
5915.00  4.93591e-05
5916.00  4.46258e-05
5917.00  4.95034e-05
5918.00  4.78550e-05
5919.00  4.75669e-05
5920.00  4.71070e-05
5921.00  4.88732e-05
5922.00  4.74924e-05
5923.00  4.73825e-05
5924.00  4.49441e-05
5925.00  4.52654e-05
5926.00  4.92727e-05
5927.00  4.87871e-05
5928.00  4.83486e-05
5929.00  4.81494e-05
5930.00  4.98770e-05
5931.00  4.71690e-05
5932.00  4.80615e-05
5933.00  4.93493e-05
5934.00  4.96314e-05
5935.00  4.55394e-05
5936.00  4.84658e-05
5937.00  4.88093e-05
5938.00  4.78645e-05
5939.00  4.88880e-05
5940.00  4.88509e-05
5941.00  3.11526e-05
5942.00  4.93296e-05
5943.00  4.67320e-05
5944.00  4.76786e-05
5945.00  4.85552e-05
5946.00  4.77322e-05
5947.00  4.77818e-05
5948.00  4.92148e-05
5949.00  4.94956e-05
5950.00  4.83379e-05
5951.00  4.89570e-05
5952.00  4.78441e-05
5953.00  4.81712e-05
5954.00  5.01837e-05
5955.00  4.83431e-05
5956.00  4.72276e-05
5957.00  4.67042e-05
5958.00  4.85949e-05
5959.00  4.77599e-05
5960.00  4.75609e-05
5961.00  4.79375e-05
5962.00  4.96810e-05
5963.00  4.68439e-05
5964.00  4.85229e-05
5965.00  4.73993e-05
5966.00  3.36401e-05
5967.00  4.48604e-05
5968.00  4.81487e-05
5969.00  5.06873e-05
5970.00  4.72108e-05
5971.00  4.89826e-05
5972.00  4.91380e-05
5973.00  4.80826e-05
5974.00  4.93022e-05
5975.00  4.74617e-05
5976.00  4.99703e-05
5977.00  4.79850e-05
5978.00  4.75510e-05
5979.00  4.44604e-05
5980.00  4.90735e-05
5981.00  4.90124e-05
5982.00  4.41007e-05
5983.00  4.83459e-05
5984.00  5.04404e-05
5985.00  4.89440e-05
5986.00  4.88056e-05
5987.00  2.61905e-05
5988.00  4.85663e-05
5989.00  4.59511e-05
5990.00  4.80391e-05
5991.00  3.19449e-05
5992.00  4.73326e-05
5993.00  4.71378e-05
5994.00  4.56759e-05
5995.00  4.69647e-05
5996.00  3.69811e-05
5997.00  4.76988e-05
5998.00  4.55352e-05
5999.00  4.01243e-05
6000.00  4.81756e-05
6001.00  4.66885e-05
6002.00  4.90650e-05
6003.00  1.26073e-05
6004.00  4.36489e-05
6005.00  4.39046e-05
6006.00  4.92659e-05
6007.00  4.92554e-05
6008.00  1.82070e-05
6009.00  5.22177e-05
6010.00  4.88551e-05
6011.00  4.93365e-05
6012.00  4.77474e-05
6013.00  4.81016e-05
6014.00  4.88096e-05
6015.00  4.68575e-05
6016.00  4.75824e-05
6017.00  4.39383e-05
6018.00  4.79210e-05
6019.00  4.70300e-05
6020.00  4.81385e-05
6021.00  4.91197e-05
6022.00  4.86438e-05
6023.00  4.66058e-05
6024.00  1.51391e-05
6025.00  4.88701e-05
6026.00  4.90723e-05
6027.00  1.92555e-05
6028.00  4.95065e-05
6029.00  4.01258e-05
6030.00  4.89938e-05
6031.00  4.68974e-05
6032.00  4.73496e-05
6033.00  4.83445e-05
6034.00  4.12764e-05
6035.00  4.68976e-05
6036.00  4.89419e-05
6037.00  4.55591e-05
6038.00  4.91201e-05
6039.00  4.91241e-05
6040.00  4.78377e-05
6041.00  4.75282e-05
6042.00  3.84339e-05
6043.00  4.86054e-05
6044.00  4.81339e-05
6045.00  4.91110e-05
6046.00  4.52934e-05
6047.00  4.79290e-05
6048.00  4.88511e-05
6049.00  4.89534e-05
6050.00  4.84203e-05
6051.00  4.86824e-05
6052.00  4.86590e-05
6053.00  4.78134e-05
6054.00  4.56173e-05
6055.00  4.82551e-05
6056.00  1.48788e-05
6057.00  4.85886e-05
6058.00  4.82151e-05
6059.00  4.72255e-05
6060.00  4.90965e-05
6061.00  4.71935e-05
6062.00  4.83456e-05
6063.00  4.21212e-05
6064.00  5.05030e-05
6065.00  4.86734e-05
6066.00  4.82383e-05
6067.00  4.78762e-05
6068.00  4.67724e-05
6069.00  5.04789e-05
6070.00  4.72476e-05
6071.00  4.95527e-05
6072.00  4.78419e-05
6073.00  4.97399e-05
6074.00  4.70245e-05
6075.00  4.74913e-05
6076.00  4.85116e-05
6077.00  4.75984e-05
6078.00  4.80022e-05
6079.00  1.56708e-05
6080.00  4.47502e-05
6081.00  4.83269e-05
6082.00  5.11080e-05
6083.00  4.85469e-05
6084.00  4.80502e-05
6085.00  4.78450e-05
6086.00  4.86246e-05
6087.00  4.62413e-05
6088.00  4.83579e-05
6089.00  4.80953e-05
6090.00  4.65084e-05
6091.00  4.76473e-05
6092.00  4.65421e-05
6093.00  5.08432e-05
6094.00  4.77494e-05
6095.00  5.00284e-05
6096.00  4.79287e-05
6097.00  4.88297e-05
6098.00  5.33361e-05
6099.00  4.71923e-05
6100.00  4.81079e-05
6101.00  4.77501e-05
6102.00  4.96006e-05
6103.00  4.71143e-05
6104.00  4.40795e-05
6105.00  4.78054e-05
6106.00  4.70214e-05
6107.00  4.48029e-05
6108.00  4.47984e-05
6109.00  5.04261e-05
6110.00  4.89997e-05
6111.00  4.00423e-05
6112.00  4.86436e-05
6113.00  4.47434e-05
6114.00  4.87623e-05
6115.00  4.88144e-05
6116.00  4.60535e-05
6117.00  3.27792e-05
6118.00  4.93727e-05
6119.00  4.97788e-05
6120.00  4.81589e-05
6121.00  3.53809e-05
6122.00  4.61229e-05
6123.00  4.90948e-05
6124.00  4.88389e-05
6125.00  3.07706e-05
6126.00  5.15940e-05
6127.00  4.97211e-05
6128.00  4.21609e-05
6129.00  2.57727e-05
6130.00  4.94273e-05
6131.00  4.85503e-05
6132.00  4.87722e-05
6133.00  4.99428e-05
6134.00  4.47549e-05
6135.00  4.57629e-05
6136.00  4.83235e-05
6137.00  1.24120e-05
6138.00  4.88583e-05
6139.00  4.89134e-05
6140.00  4.93273e-05
6141.00  4.72916e-05
6142.00  4.59843e-05
6143.00  4.75638e-05
6144.00  4.87585e-05
