5658.00  5.51796e-04
5644.00  1.86601e-04
5645.00  5.18088e-04
5646.00  6.12941e-04
5647.00  6.04300e-04
5648.00  5.79271e-04
5649.00  5.76891e-04
5650.00  3.26418e-04
5651.00  6.14238e-04
5652.00  5.62744e-04
5653.00  5.88368e-04
5654.00  5.77060e-04
5655.00  5.61105e-04
5656.00  6.08532e-04
5657.00  6.13130e-04
5658.00  5.51796e-04
5659.00  5.80302e-04
5660.00  5.95221e-04
5661.00  5.35578e-04
5662.00  5.44207e-04
5663.00  3.87983e-04
5664.00  2.89864e-04
5665.00  6.10380e-04
5666.00  6.25490e-04
5667.00  6.16396e-04
5668.00  6.17127e-04
5669.00  2.85891e-04
5670.00  5.33062e-04
5671.00  6.29374e-04
5672.00  6.06419e-04
5673.00  5.82252e-04
5674.00  6.12881e-04
5675.00  6.02711e-04
5676.00  5.98492e-04
5677.00  6.11521e-04
5678.00  5.74163e-04
5679.00  2.29102e-04
5680.00  5.82628e-04
5681.00  6.02866e-04
5682.00  6.28252e-04
5683.00  4.81132e-04
5684.00  6.18233e-04
5685.00  6.16369e-04
5686.00  6.11345e-04
5687.00  5.77815e-04
5688.00  6.07034e-04
5689.00  6.12232e-04
5690.00  5.87615e-04
5691.00  6.15193e-04
5692.00  5.99716e-04
5693.00  6.04338e-04
5694.00  6.14719e-04
5695.00  2.35890e-04
5696.00  5.91551e-04
5697.00  5.92743e-04
5698.00  3.96781e-04
5699.00  6.24910e-04
5700.00  6.20529e-04
5701.00  5.90594e-04
5702.00  5.16806e-04
5703.00  6.00496e-04
5704.00  6.18853e-04
5705.00  6.17391e-04
5706.00  1.59026e-04
5707.00  2.71977e-04
5708.00  6.21412e-04
5709.00  5.76456e-04
5710.00  5.71215e-04
5711.00  2.50795e-04
5712.00  5.93381e-04
5713.00  5.96602e-04
5714.00  6.11391e-04
5715.00  3.94968e-04
5716.00  5.81069e-04
5717.00  6.07867e-04
5718.00  5.93359e-04
5719.00  5.51628e-04
5720.00  6.18909e-04
5721.00  2.11861e-04
5722.00  5.94281e-04
5723.00  6.04200e-04
5724.00  6.02209e-04
5725.00  6.12730e-04
5726.00  5.68959e-04
5727.00  3.04935e-04
5728.00  6.09707e-04
5729.00  5.91740e-04
5730.00  6.19067e-04
5731.00  5.77049e-04
5732.00  5.79699e-04
5733.00  5.99400e-04
5734.00  5.05494e-04
5735.00  5.93076e-04
5736.00  6.06330e-04
5737.00  4.94973e-04
5738.00  6.10341e-04
5739.00  5.69615e-04
5740.00  3.70370e-04
5741.00  5.98385e-04
5742.00  5.86690e-04
5743.00  5.27338e-04
5744.00  5.78376e-04
5745.00  5.87398e-04
5746.00  5.84962e-04
5747.00  5.81199e-04
5748.00  4.38843e-04
5749.00  5.80837e-04
5750.00  5.87111e-04
5751.00  5.99369e-04
5752.00  2.83482e-04
5753.00  5.76726e-04
5754.00  4.81902e-04
5755.00  6.11942e-04
5756.00  6.12817e-04
5757.00  5.72199e-04
5758.00  6.06542e-04
5759.00  6.15324e-04
5760.00  4.64041e-04
5761.00  5.74241e-04
5762.00  5.81749e-04
5763.00  1.20260e-04
5764.00  6.09315e-04
5765.00  5.77560e-04
5766.00  5.88280e-04
5767.00  6.03688e-04
5768.00  5.51161e-04
5769.00  5.41513e-04
5770.00  5.65470e-04
5771.00  5.72565e-04
5772.00  5.64853e-04
5773.00  5.84264e-04
5774.00  3.55979e-04
5775.00  4.78677e-04
5776.00  5.64968e-04
5777.00  6.07961e-04
5778.00  5.80321e-04
5779.00  6.06005e-04
5780.00  5.81536e-04
5781.00  5.72394e-04
5782.00  5.80142e-04
5783.00  4.85708e-04
5784.00  5.63556e-04
5785.00  3.18165e-04
5786.00  3.21730e-04
5787.00  4.63122e-04
5788.00  4.70959e-04
5789.00  2.71080e-04
5790.00  5.76806e-04
5791.00  1.62263e-04
5792.00  5.58767e-04
5793.00  4.26062e-04
5794.00  5.60097e-04
5795.00  3.03899e-04
5796.00  5.65156e-04
5797.00  6.21770e-04
5798.00  5.89006e-04
5799.00  5.51384e-04
5800.00  5.95592e-04
5801.00  5.84691e-04
5802.00  5.95115e-04
5803.00  5.88525e-04
5804.00  3.29491e-04
5805.00  5.58906e-04
5806.00  5.75050e-04
5807.00  5.88130e-04
5808.00  5.52391e-04
5809.00  5.76840e-04
5810.00  5.70294e-04
5811.00  5.61086e-04
5812.00  5.67304e-04
5813.00  4.84159e-04
5814.00  4.96583e-04
5815.00  5.90179e-04
5816.00  4.63095e-04
5817.00  5.24181e-04
5818.00  5.74777e-04
5819.00  5.91890e-04
5820.00  5.58535e-04
5821.00  5.55515e-04
5822.00  5.83211e-04
5823.00  5.30649e-04
5824.00  5.65865e-04
5825.00  5.48320e-04
5826.00  5.50556e-04
5827.00  5.82253e-04
5828.00  5.75914e-04
5829.00  5.57847e-04
5830.00  5.80634e-04
5831.00  5.49920e-04
5832.00  5.27686e-04
5833.00  5.41323e-04
5834.00  2.91120e-04
5835.00  5.49409e-04
5836.00  6.10259e-04
5837.00  5.12445e-04
5838.00  3.31402e-04
5839.00  5.66771e-04
5840.00  5.43774e-04
5841.00  5.58899e-04
5842.00  5.39293e-04
5843.00  5.40976e-04
5844.00  5.55482e-04
5845.00  5.39030e-04
5846.00  5.04205e-04
5847.00  2.98489e-04
5848.00  5.05520e-04
5849.00  4.20949e-04
5850.00  5.73042e-04
5851.00  5.90887e-04
5852.00  5.51975e-04
5853.00  5.58464e-04
5854.00  5.70836e-04
5855.00  5.21290e-04
5856.00  5.17417e-04
5857.00  5.67827e-04
5858.00  5.47347e-04
5859.00  6.04031e-04
5860.00  5.44016e-04
5861.00  5.49878e-04
5862.00  5.79066e-04
5863.00  5.57123e-04
5864.00  5.31266e-04
5865.00  5.24576e-04
5866.00  4.26750e-04
5867.00  5.84703e-04
5868.00  5.62432e-04
5869.00  5.70013e-04
5870.00  5.55679e-04
5871.00  5.53017e-04
5872.00  5.50956e-04
5873.00  5.23545e-04
5874.00  5.33137e-04
5875.00  5.51749e-04
5876.00  5.69931e-04
5877.00  5.49826e-04
5878.00  5.31619e-04
5879.00  5.32537e-04
5880.00  4.29041e-04
5881.00  5.37533e-04
5882.00  5.62690e-04
5883.00  5.31333e-04
5884.00  5.26310e-04
5885.00  4.69730e-04
5886.00  5.54261e-04
5887.00  5.54317e-04
5888.00  5.28822e-04
5889.00  5.08933e-04
5890.00  6.69097e-05
5891.00  5.11783e-04
5892.00  5.33815e-04
5893.00  5.29824e-04
5894.00  5.38995e-04
5895.00  5.28215e-04
5896.00  7.35386e-05
5897.00  5.25197e-04
5898.00  4.73916e-04
5899.00  5.21332e-04
5900.00  5.24996e-04
5901.00  5.28902e-04
5902.00  5.28205e-04
5903.00  5.39037e-04
5904.00  4.62870e-04
5905.00  5.12313e-04
5906.00  5.73336e-04
5907.00  5.12002e-04
5908.00  5.30360e-04
5909.00  5.32130e-04
5910.00  2.43926e-04
5911.00  5.29034e-04
5912.00  3.18374e-04
5913.00  5.33796e-04
5914.00  5.18119e-04
5915.00  5.33851e-04
5916.00  4.96605e-04
5917.00  5.35572e-04
5918.00  5.21227e-04
5919.00  5.21139e-04
5920.00  5.24360e-04
5921.00  5.34973e-04
5922.00  5.13034e-04
5923.00  5.15313e-04
5924.00  4.90429e-04
5925.00  4.86658e-04
5926.00  5.39711e-04
5927.00  5.28532e-04
5928.00  5.20407e-04
5929.00  5.33292e-04
5930.00  5.44287e-04
5931.00  4.89263e-04
5932.00  5.36498e-04
5933.00  5.33038e-04
5934.00  5.40642e-04
5935.00  4.98695e-04
5936.00  5.26755e-04
5937.00  5.33485e-04
5938.00  5.16928e-04
5939.00  5.32243e-04
5940.00  5.25454e-04
5941.00  3.58047e-04
5942.00  5.35704e-04
5943.00  5.05414e-04
5944.00  5.15546e-04
5945.00  5.22219e-04
5946.00  5.15412e-04
5947.00  5.15140e-04
5948.00  5.31767e-04
5949.00  5.35200e-04
5950.00  5.16443e-04
5951.00  5.27772e-04
5952.00  5.12305e-04
5953.00  5.16777e-04
5954.00  5.52410e-04
5955.00  5.19989e-04
5956.00  5.18802e-04
5957.00  5.13327e-04
5958.00  5.22704e-04
5959.00  5.13820e-04
5960.00  5.14965e-04
5961.00  5.16610e-04
5962.00  5.42122e-04
5963.00  5.11567e-04
5964.00  5.25093e-04
5965.00  5.11498e-04
5966.00  3.77398e-04
5967.00  4.94205e-04
5968.00  5.18213e-04
5969.00  5.58841e-04
5970.00  5.10346e-04
5971.00  5.29242e-04
5972.00  5.31130e-04
5973.00  5.52220e-04
5974.00  5.34713e-04
5975.00  5.11732e-04
5976.00  5.51150e-04
5977.00  5.15475e-04
5978.00  5.22586e-04
5979.00  4.74159e-04
5980.00  5.29632e-04
5981.00  5.30750e-04
5982.00  4.93113e-04
5983.00  5.19920e-04
5984.00  5.59278e-04
5985.00  5.31575e-04
5986.00  5.26372e-04
5987.00  2.95218e-04
5988.00  5.22671e-04
5989.00  4.94370e-04
5990.00  5.14949e-04
5991.00  3.74046e-04
5992.00  5.15118e-04
5993.00  5.15502e-04
5994.00  5.01256e-04
5995.00  5.04646e-04
5996.00  3.94382e-04
5997.00  5.11839e-04
5998.00  4.59047e-04
5999.00  4.20032e-04
6000.00  5.18821e-04
6001.00  5.06038e-04
6002.00  5.28775e-04
6003.00  1.40819e-04
6004.00  4.80390e-04
6005.00  4.99011e-04
6006.00  5.43242e-04
6007.00  5.37854e-04
6008.00  2.04073e-04
6009.00  5.88836e-04
6010.00  5.27525e-04
6011.00  5.37082e-04
6012.00  5.11798e-04
6013.00  5.18272e-04
6014.00  5.34059e-04
6015.00  5.05592e-04
6016.00  5.28790e-04
6017.00  4.80151e-04
6018.00  5.17260e-04
6019.00  5.05051e-04
6020.00  5.20417e-04
6021.00  5.37787e-04
6022.00  5.26721e-04
6023.00  5.16390e-04
6024.00  1.68320e-04
6025.00  5.32037e-04
6026.00  5.34031e-04
6027.00  2.18237e-04
6028.00  5.41016e-04
6029.00  4.47572e-04
6030.00  5.30859e-04
6031.00  5.14478e-04
6032.00  5.06177e-04
6033.00  5.21396e-04
6034.00  4.58507e-04
6035.00  5.07230e-04
6036.00  5.35784e-04
6037.00  4.60025e-04
6038.00  5.34815e-04
6039.00  5.36755e-04
6040.00  5.13293e-04
6041.00  5.13177e-04
6042.00  4.25417e-04
6043.00  5.24306e-04
6044.00  5.23152e-04
6045.00  5.37726e-04
6046.00  4.83884e-04
6047.00  5.37494e-04
6048.00  5.34722e-04
6049.00  5.35624e-04
6050.00  5.26349e-04
6051.00  5.36922e-04
6052.00  5.27447e-04
6053.00  5.26476e-04
6054.00  4.92852e-04
6055.00  5.22144e-04
6056.00  1.63997e-04
6057.00  5.30939e-04
6058.00  5.19516e-04
6059.00  5.07773e-04
6060.00  5.36786e-04
6061.00  5.06728e-04
6062.00  5.21270e-04
6063.00  4.60428e-04
6064.00  5.48606e-04
6065.00  5.27884e-04
6066.00  5.26092e-04
6067.00  5.13434e-04
6068.00  5.03847e-04
6069.00  5.61189e-04
6070.00  5.25259e-04
6071.00  5.42578e-04
6072.00  5.18927e-04
6073.00  5.50470e-04
6074.00  5.09382e-04
6075.00  5.24145e-04
6076.00  5.26442e-04
6077.00  5.01727e-04
6078.00  5.31254e-04
6079.00  1.70742e-04
6080.00  4.44987e-04
6081.00  5.24489e-04
6082.00  5.71734e-04
6083.00  5.25819e-04
6084.00  5.24812e-04
6085.00  5.16750e-04
6086.00  5.27998e-04
6087.00  5.06917e-04
6088.00  5.23388e-04
6089.00  5.39533e-04
6090.00  5.08792e-04
6091.00  5.13559e-04
6092.00  4.74042e-04
6093.00  5.69067e-04
6094.00  5.12219e-04
6095.00  5.53919e-04
6096.00  5.18634e-04
6097.00  5.47131e-04
6098.00  5.94970e-04
6099.00  5.11187e-04
6100.00  5.27558e-04
6101.00  5.04516e-04
6102.00  5.54030e-04
6103.00  5.13716e-04
6104.00  4.23713e-04
6105.00  5.13369e-04
6106.00  5.21058e-04
6107.00  5.13838e-04
6108.00  4.99781e-04
6109.00  5.64150e-04
6110.00  5.34843e-04
6111.00  4.48564e-04
6112.00  5.32218e-04
6113.00  4.66060e-04
6114.00  5.33575e-04
6115.00  5.32559e-04
6116.00  5.08115e-04
6117.00  3.78176e-04
6118.00  5.45669e-04
6119.00  5.55691e-04
6120.00  5.26054e-04
6121.00  3.62358e-04
6122.00  4.96002e-04
6123.00  5.36403e-04
6124.00  5.32871e-04
6125.00  2.57445e-04
6126.00  5.79312e-04
6127.00  5.48388e-04
6128.00  4.72690e-04
6129.00  2.99895e-04
6130.00  5.44552e-04
6131.00  5.30189e-04
6132.00  5.39449e-04
6133.00  5.54883e-04
6134.00  5.03054e-04
6135.00  4.94330e-04
6136.00  5.28327e-04
6137.00  1.40287e-04
6138.00  5.43060e-04
6139.00  5.35224e-04
6140.00  5.42868e-04
6141.00  5.30883e-04
6142.00  5.07666e-04
6143.00  5.10482e-04
6144.00  5.32567e-04
