5658.00  6.06080e-04
5644.00  1.94446e-04
5645.00  6.31956e-04
5646.00  6.85643e-04
5647.00  6.77474e-04
5648.00  6.71074e-04
5649.00  6.70523e-04
5650.00  3.45120e-04
5651.00  6.89619e-04
5652.00  6.23397e-04
5653.00  6.75222e-04
5654.00  6.65605e-04
5655.00  6.62154e-04
5656.00  6.84333e-04
5657.00  6.81845e-04
5658.00  6.06080e-04
5659.00  6.64780e-04
5660.00  6.78697e-04
5661.00  5.89289e-04
5662.00  6.00479e-04
5663.00  4.12916e-04
5664.00  3.03297e-04
5665.00  6.86339e-04
5666.00  6.93661e-04
5667.00  6.84853e-04
5668.00  6.81134e-04
5669.00  3.02283e-04
5670.00  5.80486e-04
5671.00  6.93909e-04
5672.00  6.74566e-04
5673.00  6.65060e-04
5674.00  6.87158e-04
5675.00  6.80281e-04
5676.00  6.77160e-04
5677.00  6.79973e-04
5678.00  6.51520e-04
5679.00  2.43198e-04
5680.00  6.63752e-04
5681.00  6.69538e-04
5682.00  6.92452e-04
5683.00  5.39314e-04
5684.00  6.88108e-04
5685.00  6.85154e-04
5686.00  6.75570e-04
5687.00  6.52920e-04
5688.00  6.81842e-04
5689.00  6.84000e-04
5690.00  6.72335e-04
5691.00  6.81468e-04
5692.00  6.78978e-04
5693.00  6.79098e-04
5694.00  6.85516e-04
5695.00  2.50952e-04
5696.00  6.64037e-04
5697.00  6.57878e-04
5698.00  4.12756e-04
5699.00  6.85021e-04
5700.00  6.87435e-04
5701.00  6.73027e-04
5702.00  6.05438e-04
5703.00  6.69488e-04
5704.00  6.86918e-04
5705.00  6.85519e-04
5706.00  1.66429e-04
5707.00  2.77732e-04
5708.00  6.77865e-04
5709.00  6.29379e-04
5710.00  6.41904e-04
5711.00  3.67719e-04
5712.00  6.52121e-04
5713.00  6.76194e-04
5714.00  6.81997e-04
5715.00  4.25797e-04
5716.00  6.67749e-04
5717.00  6.80489e-04
5718.00  6.73152e-04
5719.00  6.05093e-04
5720.00  6.85878e-04
5721.00  3.08976e-04
5722.00  6.71595e-04
5723.00  6.74118e-04
5724.00  6.77689e-04
5725.00  6.80633e-04
5726.00  6.45793e-04
5727.00  3.05559e-04
5728.00  6.81281e-04
5729.00  6.61751e-04
5730.00  6.76892e-04
5731.00  6.60371e-04
5732.00  6.49677e-04
5733.00  6.72748e-04
5734.00  5.32935e-04
5735.00  6.68287e-04
5736.00  6.73897e-04
5737.00  5.02961e-04
5738.00  6.77689e-04
5739.00  6.41005e-04
5740.00  4.35353e-04
5741.00  6.62059e-04
5742.00  6.68277e-04
5743.00  5.72215e-04
5744.00  6.18735e-04
5745.00  6.58274e-04
5746.00  6.55403e-04
5747.00  6.65132e-04
5748.00  4.64492e-04
5749.00  6.21113e-04
5750.00  6.44160e-04
5751.00  6.71336e-04
5752.00  2.97181e-04
5753.00  6.47894e-04
5754.00  6.02354e-04
5755.00  6.80078e-04
5756.00  6.76380e-04
5757.00  6.58024e-04
5758.00  6.77126e-04
5759.00  6.75899e-04
5760.00  5.36851e-04
5761.00  6.34417e-04
5762.00  6.61825e-04
5763.00  1.25761e-04
5764.00  6.75663e-04
5765.00  6.61501e-04
5766.00  6.64700e-04
5767.00  6.74424e-04
5768.00  6.23576e-04
5769.00  6.12598e-04
5770.00  6.40237e-04
5771.00  6.53936e-04
5772.00  6.38449e-04
5773.00  6.64797e-04
5774.00  4.60760e-04
5775.00  5.28598e-04
5776.00  6.34171e-04
5777.00  6.75478e-04
5778.00  6.61369e-04
5779.00  6.74830e-04
5780.00  6.62010e-04
5781.00  6.55684e-04
5782.00  6.51970e-04
5783.00  5.25078e-04
5784.00  6.33922e-04
5785.00  3.27508e-04
5786.00  4.18494e-04
5787.00  4.90243e-04
5788.00  5.09982e-04
5789.00  4.11173e-04
5790.00  6.51652e-04
5791.00  1.66272e-04
5792.00  6.50520e-04
5793.00  5.40656e-04
5794.00  6.16867e-04
5795.00  4.41604e-04
5796.00  6.25021e-04
5797.00  6.82613e-04
5798.00  6.34015e-04
5799.00  6.37209e-04
5800.00  6.67363e-04
5801.00  6.62773e-04
5802.00  6.65451e-04
5803.00  6.53861e-04
5804.00  3.40555e-04
5805.00  6.42011e-04
5806.00  6.51390e-04
5807.00  6.55727e-04
5808.00  6.03320e-04
5809.00  6.59702e-04
5810.00  6.46569e-04
5811.00  6.27419e-04
5812.00  6.43860e-04
5813.00  5.96673e-04
5814.00  5.59884e-04
5815.00  6.58144e-04
5816.00  5.06204e-04
5817.00  5.93691e-04
5818.00  6.56646e-04
5819.00  6.66186e-04
5820.00  6.36283e-04
5821.00  6.37663e-04
5822.00  6.55916e-04
5823.00  6.01208e-04
5824.00  6.51794e-04
5825.00  6.34939e-04
5826.00  6.41029e-04
5827.00  6.60127e-04
5828.00  6.57320e-04
5829.00  6.47481e-04
5830.00  6.49637e-04
5831.00  6.28887e-04
5832.00  6.21581e-04
5833.00  6.32477e-04
5834.00  3.11275e-04
5835.00  6.41054e-04
5836.00  6.73648e-04
5837.00  6.19958e-04
5838.00  4.35572e-04
5839.00  6.28823e-04
5840.00  6.36966e-04
5841.00  6.44448e-04
5842.00  6.25841e-04
5843.00  6.38175e-04
5844.00  6.45189e-04
5845.00  6.29488e-04
5846.00  5.55786e-04
5847.00  3.04148e-04
5848.00  5.60245e-04
5849.00  5.42770e-04
5850.00  6.53625e-04
5851.00  6.59906e-04
5852.00  6.38204e-04
5853.00  6.44971e-04
5854.00  6.50908e-04
5855.00  5.90301e-04
5856.00  5.78323e-04
5857.00  6.38457e-04
5858.00  6.36600e-04
5859.00  6.67148e-04
5860.00  6.21273e-04
5861.00  6.29856e-04
5862.00  6.43906e-04
5863.00  6.44603e-04
5864.00  6.02250e-04
5865.00  6.05558e-04
5866.00  5.64350e-04
5867.00  6.47062e-04
5868.00  6.43248e-04
5869.00  6.51288e-04
5870.00  6.30760e-04
5871.00  6.38203e-04
5872.00  6.39427e-04
5873.00  6.00170e-04
5874.00  5.99113e-04
5875.00  6.38951e-04
5876.00  6.45560e-04
5877.00  6.37718e-04
5878.00  6.04620e-04
5879.00  6.15258e-04
5880.00  4.71520e-04
5881.00  6.23511e-04
5882.00  6.45082e-04
5883.00  6.15025e-04
5884.00  6.12927e-04
5885.00  5.39644e-04
5886.00  6.37337e-04
5887.00  6.31843e-04
5888.00  6.01017e-04
5889.00  5.75684e-04
5890.00  6.69097e-05
5891.00  5.75180e-04
5892.00  6.16729e-04
5893.00  6.13744e-04
5894.00  6.20605e-04
5895.00  5.83110e-04
5896.00  7.35388e-05
5897.00  6.04917e-04
5898.00  5.86740e-04
5899.00  5.99343e-04
5900.00  6.18573e-04
5901.00  6.19807e-04
5902.00  6.21123e-04
5903.00  6.30395e-04
5904.00  5.79733e-04
5905.00  5.76735e-04
5906.00  6.48404e-04
5907.00  5.91298e-04
5908.00  6.17400e-04
5909.00  6.24928e-04
5910.00  2.69969e-04
5911.00  6.24030e-04
5912.00  4.53838e-04
5913.00  6.23180e-04
5914.00  5.95572e-04
5915.00  6.26145e-04
5916.00  5.62255e-04
5917.00  6.27828e-04
5918.00  6.06326e-04
5919.00  6.00304e-04
5920.00  5.93960e-04
5921.00  6.18018e-04
5922.00  6.01689e-04
5923.00  6.00715e-04
5924.00  5.68721e-04
5925.00  5.71647e-04
5926.00  6.22767e-04
5927.00  6.18506e-04
5928.00  6.14372e-04
5929.00  6.07222e-04
5930.00  6.31073e-04
5931.00  5.98491e-04
5932.00  6.02005e-04
5933.00  6.25739e-04
5934.00  6.27772e-04
5935.00  5.75420e-04
5936.00  6.13182e-04
5937.00  6.15386e-04
5938.00  6.07652e-04
5939.00  6.18028e-04
5940.00  6.20224e-04
5941.00  3.82037e-04
5942.00  6.24326e-04
5943.00  5.88803e-04
5944.00  6.05277e-04
5945.00  6.16529e-04
5946.00  6.06521e-04
5947.00  6.07251e-04
5948.00  6.23829e-04
5949.00  6.26977e-04
5950.00  6.12638e-04
5951.00  6.21066e-04
5952.00  6.07352e-04
5953.00  6.11928e-04
5954.00  6.32738e-04
5955.00  6.13712e-04
5956.00  5.96940e-04
5957.00  5.89898e-04
5958.00  6.16782e-04
5959.00  6.05304e-04
5960.00  6.02166e-04
5961.00  6.08438e-04
5962.00  6.27876e-04
5963.00  5.92428e-04
5964.00  6.14175e-04
5965.00  5.98827e-04
5966.00  4.17222e-04
5967.00  5.64390e-04
5968.00  6.10939e-04
5969.00  6.38305e-04
5970.00  5.99812e-04
5971.00  6.20463e-04
5972.00  6.22321e-04
5973.00  5.98131e-04
5974.00  6.23976e-04
5975.00  6.02799e-04
5976.00  6.29489e-04
5977.00  6.09214e-04
5978.00  5.99777e-04
5979.00  5.59266e-04
5980.00  6.21205e-04
5981.00  6.20320e-04
5982.00  5.52296e-04
5983.00  6.13354e-04
5984.00  6.33478e-04
5985.00  6.19271e-04
5986.00  6.18396e-04
5987.00  3.18985e-04
5988.00  6.15796e-04
5989.00  5.80388e-04
5990.00  6.08969e-04
5991.00  3.83024e-04
5992.00  5.98894e-04
5993.00  5.94222e-04
5994.00  5.75977e-04
5995.00  5.95717e-04
5996.00  4.58030e-04
5997.00  6.05085e-04
5998.00  5.76249e-04
5999.00  4.97055e-04
6000.00  6.10632e-04
6001.00  5.91001e-04
6002.00  6.16599e-04
6003.00  1.47242e-04
6004.00  5.48588e-04
6005.00  5.44757e-04
6006.00  6.19750e-04
6007.00  6.21860e-04
6008.00  2.18591e-04
6009.00  6.48002e-04
6010.00  6.18427e-04
6011.00  6.23408e-04
6012.00  6.06096e-04
6013.00  6.09500e-04
6014.00  6.15784e-04
6015.00  5.94393e-04
6016.00  5.95718e-04
6017.00  5.52128e-04
6018.00  6.06958e-04
6019.00  5.97197e-04
6020.00  6.09020e-04
6021.00  6.19699e-04
6022.00  6.15446e-04
6023.00  5.86498e-04
6024.00  1.80568e-04
6025.00  6.17271e-04
6026.00  6.19706e-04
6027.00  2.30280e-04
6028.00  6.24320e-04
6029.00  4.96080e-04
6030.00  6.19337e-04
6031.00  5.90093e-04
6032.00  5.98682e-04
6033.00  6.11849e-04
6034.00  5.15614e-04
6035.00  5.93744e-04
6036.00  6.17026e-04
6037.00  5.75745e-04
6038.00  6.19743e-04
6039.00  6.19438e-04
6040.00  6.06316e-04
6041.00  6.01526e-04
6042.00  4.79001e-04
6043.00  6.14798e-04
6044.00  6.07668e-04
6045.00  6.18705e-04
6046.00  5.72409e-04
6047.00  5.95483e-04
6048.00  6.15807e-04
6049.00  6.17093e-04
6050.00  6.10924e-04
6051.00  6.11032e-04
6052.00  6.14860e-04
6053.00  6.01596e-04
6054.00  5.76738e-04
6055.00  6.09843e-04
6056.00  1.73686e-04
6057.00  6.10886e-04
6058.00  6.10027e-04
6059.00  5.98203e-04
6060.00  6.18396e-04
6061.00  5.97341e-04
6062.00  6.11333e-04
6063.00  5.29586e-04
6064.00  6.26821e-04
6065.00  6.14498e-04
6066.00  6.08305e-04
6067.00  6.06404e-04
6068.00  5.91907e-04
6069.00  6.31992e-04
6070.00  5.92676e-04
6071.00  6.23415e-04
6072.00  6.03981e-04
6073.00  6.23795e-04
6074.00  5.94193e-04
6075.00  5.97171e-04
6076.00  6.12427e-04
6077.00  6.00742e-04
6078.00  6.00614e-04
6079.00  1.78993e-04
6080.00  5.60547e-04
6081.00  6.09995e-04
6082.00  6.36611e-04
6083.00  6.12883e-04
6084.00  6.04038e-04
6085.00  6.04471e-04
6086.00  6.13281e-04
6087.00  5.81519e-04
6088.00  6.09598e-04
6089.00  6.01072e-04
6090.00  5.84939e-04
6091.00  6.01989e-04
6092.00  5.83258e-04
6093.00  6.31172e-04
6094.00  6.04301e-04
6095.00  6.25862e-04
6096.00  6.04638e-04
6097.00  6.07521e-04
6098.00  6.49159e-04
6099.00  5.94946e-04
6100.00  6.04226e-04
6101.00  6.00000e-04
6102.00  6.17496e-04
6103.00  5.93636e-04
6104.00  5.49541e-04
6105.00  6.04507e-04
6106.00  5.89813e-04
6107.00  5.55589e-04
6108.00  5.57881e-04
6109.00  6.27778e-04
6110.00  6.16457e-04
6111.00  4.94966e-04
6112.00  6.11580e-04
6113.00  5.58812e-04
6114.00  6.13099e-04
6115.00  6.14400e-04
6116.00  5.73541e-04
6117.00  3.86520e-04
6118.00  6.18407e-04
6119.00  6.21145e-04
6120.00  6.06167e-04
6121.00  4.29366e-04
6122.00  5.81738e-04
6123.00  6.16748e-04
6124.00  6.14265e-04
6125.00  3.71795e-04
6126.00  6.33694e-04
6127.00  6.22581e-04
6128.00  5.22693e-04
6129.00  3.07017e-04
6130.00  6.19679e-04
6131.00  6.09727e-04
6132.00  6.09416e-04
6133.00  6.23995e-04
6134.00  5.50682e-04
6135.00  5.75417e-04
6136.00  6.07523e-04
6137.00  1.41823e-04
6138.00  6.11310e-04
6139.00  6.13708e-04
6140.00  6.18335e-04
6141.00  5.83415e-04
6142.00  5.73642e-04
6143.00  6.00762e-04
6144.00  6.12485e-04
