5736.50  6.22055e-04
5729.50  6.42405e-04
5730.00  6.42879e-04
5730.50  6.43126e-04
5731.00  6.43092e-04
5731.50  6.42733e-04
5732.00  6.42023e-04
5732.50  6.40947e-04
5733.00  6.39507e-04
5733.50  6.37719e-04
5734.00  6.35607e-04
5734.50  6.33216e-04
5735.00  6.30595e-04
5735.50  6.27810e-04
5736.00  6.24933e-04
5736.50  6.22055e-04
5737.00  6.19271e-04
5737.50  6.16683e-04
5738.00  6.14390e-04
5738.50  6.12490e-04
5739.00  6.11064e-04
5739.50  6.10170e-04
5740.00  6.09839e-04
5740.50  6.10075e-04
5741.00  6.10844e-04
5741.50  6.12087e-04
5742.00  6.13708e-04
5742.50  6.15601e-04
5743.00  6.17645e-04
5743.50  6.19715e-04
5744.00  6.21692e-04
5744.50  6.23471e-04
5745.00  6.24971e-04
5745.50  6.26128e-04
5746.00  6.26914e-04
5746.50  6.27326e-04
5747.00  6.27390e-04
5747.50  6.27150e-04
5748.00  6.26676e-04
5748.50  6.26047e-04
5749.00  6.25341e-04
5749.50  6.24648e-04
5750.00  6.24041e-04
5750.50  6.23575e-04
5751.00  6.23284e-04
5751.50  6.23175e-04
5752.00  6.23220e-04
5752.50  6.23362e-04
5753.00  6.23518e-04
5753.50  6.23581e-04
5754.00  6.23432e-04
5754.50  6.22953e-04
5755.00  6.22035e-04
5755.50  6.20601e-04
5756.00  6.18609e-04
5756.50  6.16061e-04
5757.00  6.13016e-04
5757.50  6.09580e-04
5758.00  6.05903e-04
5758.50  6.02175e-04
5759.00  5.98606e-04
5759.50  5.95415e-04
5760.00  5.92807e-04
5760.50  5.90965e-04
5761.00  5.90027e-04
5761.50  5.90079e-04
5762.00  5.91145e-04
5762.50  5.93190e-04
5763.00  5.96111e-04
5763.50  5.99761e-04
5764.00  6.03948e-04
5764.50  6.08455e-04
5765.00  6.13060e-04
5765.50  6.17544e-04
5766.00  6.21713e-04
5766.50  6.25406e-04
5767.00  6.28497e-04
5767.50  6.30916e-04
5768.00  6.32633e-04
5768.50  6.33657e-04
5769.00  6.34032e-04
5769.50  6.33832e-04
5770.00  6.33149e-04
5770.50  6.32087e-04
5771.00  6.30750e-04
5771.50  6.29250e-04
5772.00  6.27686e-04
5772.50  6.26151e-04
5773.00  6.24723e-04
5773.50  6.23462e-04
5774.00  6.22414e-04
5774.50  6.21599e-04
5775.00  6.21016e-04
5775.50  6.20649e-04
5776.00  6.20455e-04
5776.50  6.20370e-04
5777.00  6.20313e-04
5777.50  6.20200e-04
5778.00  6.19921e-04
5778.50  6.19377e-04
5779.00  6.18464e-04
5779.50  6.17090e-04
5780.00  6.15181e-04
5780.50  6.12686e-04
5781.00  6.09585e-04
5781.50  6.05899e-04
5782.00  6.01682e-04
5782.50  5.97028e-04
5783.00  5.92060e-04
5783.50  5.86928e-04
5784.00  5.81794e-04
5784.50  5.76823e-04
5785.00  5.72173e-04
5785.50  5.67977e-04
5786.00  5.64346e-04
5786.50  5.61357e-04
5787.00  5.59059e-04
5787.50  5.57471e-04
5788.00  5.56590e-04
5788.50  5.56398e-04
5789.00  5.56858e-04
5789.50  5.57934e-04
5790.00  5.59576e-04
5790.50  5.61741e-04
5791.00  5.64375e-04
5791.50  5.67419e-04
5792.00  5.70809e-04
5792.50  5.74475e-04
5793.00  5.78345e-04
5793.50  5.82336e-04
5794.00  5.86374e-04
5794.50  5.90386e-04
5795.00  5.94303e-04
5795.50  5.98062e-04
5796.00  6.01608e-04
5796.50  6.04890e-04
5797.00  6.07864e-04
5797.50  6.10490e-04
5798.00  6.12729e-04
5798.50  6.14552e-04
5799.00  6.15939e-04
5799.50  6.16886e-04
5800.00  6.17401e-04
5800.50  6.17525e-04
5801.00  6.17315e-04
5801.50  6.16857e-04
5802.00  6.16250e-04
5802.50  6.15608e-04
5803.00  6.15041e-04
5803.50  6.14649e-04
5804.00  6.14505e-04
5804.50  6.14654e-04
5805.00  6.15106e-04
5805.50  6.15834e-04
5806.00  6.16772e-04
5806.50  6.17842e-04
5807.00  6.18949e-04
5807.50  6.20001e-04
5808.00  6.20912e-04
5808.50  6.21617e-04
5809.00  6.22075e-04
5809.50  6.22273e-04
5810.00  6.22220e-04
5810.50  6.21949e-04
5811.00  6.21510e-04
5811.50  6.20962e-04
5812.00  6.20372e-04
5812.50  6.19806e-04
5813.00  6.19328e-04
5813.50  6.18995e-04
5814.00  6.18855e-04
5814.50  6.18947e-04
5815.00  6.19297e-04
5815.50  6.19916e-04
5816.00  6.20801e-04
5816.50  6.21936e-04
5817.00  6.23289e-04
5817.50  6.24818e-04
5818.00  6.26470e-04
5818.50  6.28189e-04
5819.00  6.29916e-04
5819.50  6.31594e-04
5820.00  6.33175e-04
5820.50  6.34625e-04
5821.00  6.35916e-04
5821.50  6.37033e-04
5822.00  6.37973e-04
5822.50  6.38737e-04
5823.00  6.39333e-04
5823.50  6.39766e-04
5824.00  6.40038e-04
5824.50  6.40147e-04
5825.00  6.40077e-04
5825.50  6.39802e-04
5826.00  6.39289e-04
5826.50  6.38498e-04
5827.00  6.37387e-04
5827.50  6.35917e-04
5828.00  6.34057e-04
5828.50  6.31795e-04
5829.00  6.29138e-04
5829.50  6.26121e-04
5830.00  6.22806e-04
5830.50  6.19285e-04
5831.00  6.15669e-04
5831.50  6.12092e-04
5832.00  6.08692e-04
5832.50  6.05609e-04
5833.00  6.02966e-04
5833.50  6.00871e-04
5834.00  5.99392e-04
5834.50  5.98568e-04
5835.00  5.98394e-04
5835.50  5.98837e-04
5836.00  5.99826e-04
5836.50  6.01269e-04
5837.00  6.03058e-04
5837.50  6.05073e-04
5838.00  6.07194e-04
5838.50  6.09306e-04
5839.00  6.11301e-04
5839.50  6.13085e-04
5840.00  6.14576e-04
5840.50  6.15710e-04
5841.00  6.16442e-04
5841.50  6.16747e-04
5842.00  6.16625e-04
5842.50  6.16103e-04
5843.00  6.15231e-04
5843.50  6.14081e-04
5844.00  6.12764e-04
5844.50  6.11393e-04
5845.00  6.10099e-04
5845.50  6.09004e-04
5846.00  6.08227e-04
5846.50  6.07859e-04
5847.00  6.07956e-04
5847.50  6.08532e-04
5848.00  6.09553e-04
5848.50  6.10947e-04
5849.00  6.12588e-04
5849.50  6.14328e-04
5850.00  6.16000e-04
5850.50  6.17430e-04
5851.00  6.18458e-04
5851.50  6.18949e-04
5852.00  6.18807e-04
5852.50  6.17984e-04
5853.00  6.16488e-04
5853.50  6.14376e-04
5854.00  6.11761e-04
5854.50  6.08791e-04
5855.00  6.05648e-04
5855.50  6.02523e-04
5856.00  5.99610e-04
5856.50  5.97078e-04
5857.00  5.95065e-04
5857.50  5.93661e-04
5858.00  5.92902e-04
5858.50  5.92765e-04
5859.00  5.93177e-04
5859.50  5.94017e-04
5860.00  5.95135e-04
5860.50  5.96365e-04
5861.00  5.97546e-04
5861.50  5.98542e-04
5862.00  5.99244e-04
5862.50  5.99603e-04
5863.00  5.99614e-04
5863.50  5.99328e-04
5864.00  5.98836e-04
5864.50  5.98266e-04
5865.00  5.97759e-04
5865.50  5.97455e-04
5866.00  5.97478e-04
5866.50  5.97920e-04
5867.00  5.98831e-04
5867.50  6.00213e-04
5868.00  6.02024e-04
5868.50  6.04183e-04
5869.00  6.06578e-04
5869.50  6.09081e-04
5870.00  6.11560e-04
5870.50  6.13889e-04
5871.00  6.15958e-04
5871.50  6.17684e-04
5872.00  6.19011e-04
5872.50  6.19898e-04
5873.00  6.20341e-04
5873.50  6.20352e-04
5874.00  6.19962e-04
5874.50  6.19210e-04
5875.00  6.18152e-04
5875.50  6.16848e-04
5876.00  6.15361e-04
5876.50  6.13770e-04
5877.00  6.12145e-04
5877.50  6.10556e-04
5878.00  6.09066e-04
5878.50  6.07727e-04
5879.00  6.06571e-04
5879.50  6.05610e-04
5880.00  6.04829e-04
5880.50  6.04184e-04
5881.00  6.03607e-04
5881.50  6.02998e-04
5882.00  6.02245e-04
5882.50  6.01231e-04
5883.00  5.99832e-04
5883.50  5.97935e-04
5884.00  5.95452e-04
5884.50  5.92325e-04
5885.00  5.88538e-04
5885.50  5.84122e-04
5886.00  5.79161e-04
5886.50  5.73785e-04
5887.00  5.68167e-04
5887.50  5.62507e-04
5888.00  5.57025e-04
5888.50  5.51929e-04
5889.00  5.47411e-04
5889.50  5.43615e-04
5890.00  5.40635e-04
5890.50  5.38506e-04
5891.00  5.37203e-04
5891.50  5.36652e-04
5892.00  5.36747e-04
5892.50  5.37362e-04
5893.00  5.38378e-04
5893.50  5.39693e-04
5894.00  5.41233e-04
5894.50  5.42953e-04
5895.00  5.44841e-04
5895.50  5.46903e-04
5896.00  5.49149e-04
5896.50  5.51594e-04
5897.00  5.54230e-04
5897.50  5.57030e-04
5898.00  5.59943e-04
5898.50  5.62904e-04
5899.00  5.65833e-04
5899.50  5.68647e-04
5900.00  5.71271e-04
5900.50  5.73645e-04
5901.00  5.75727e-04
5901.50  5.77492e-04
5902.00  5.78938e-04
5902.50  5.80072e-04
5903.00  5.80911e-04
5903.50  5.81479e-04
5904.00  5.81796e-04
5904.50  5.81885e-04
5905.00  5.81762e-04
5905.50  5.81448e-04
5906.00  5.80967e-04
5906.50  5.80345e-04
5907.00  5.79613e-04
5907.50  5.78810e-04
5908.00  5.77979e-04
5908.50  5.77168e-04
5909.00  5.76423e-04
5909.50  5.75785e-04
5910.00  5.75288e-04
5910.50  5.74956e-04
5911.00  5.74789e-04
5911.50  5.74791e-04
5912.00  5.74946e-04
5912.50  5.75231e-04
5913.00  5.75623e-04
5913.50  5.76101e-04
5914.00  5.76651e-04
5914.50  5.77268e-04
5915.00  5.77958e-04
5915.50  5.78736e-04
5916.00  5.79624e-04
5916.50  5.80643e-04
5917.00  5.81816e-04
5917.50  5.83152e-04
5918.00  5.84656e-04
5918.50  5.86317e-04
5919.00  5.88111e-04
5919.50  5.90003e-04
5920.00  5.91950e-04
5920.50  5.93905e-04
5921.00  5.95826e-04
5921.50  5.97668e-04
5922.00  5.99402e-04
5922.50  6.01007e-04
5923.00  6.02471e-04
5923.50  6.03794e-04
5924.00  6.04982e-04
5924.50  6.06050e-04
5925.00  6.07006e-04
5925.50  6.07869e-04
5926.00  6.08654e-04
5926.50  6.09372e-04
5927.00  6.10026e-04
5927.50  6.10628e-04
5928.00  6.11180e-04
5928.50  6.11683e-04
5929.00  6.12137e-04
5929.50  6.12538e-04
5930.00  6.12886e-04
5930.50  6.13173e-04
5931.00  6.13390e-04
5931.50  6.13530e-04
5932.00  6.13580e-04
5932.50  6.13526e-04
5933.00  6.13358e-04
5933.50  6.13053e-04
5934.00  6.12603e-04
5934.50  6.11991e-04
5935.00  6.11212e-04
5935.50  6.10260e-04
5936.00  6.09134e-04
5936.50  6.07844e-04
5937.00  6.06404e-04
5937.50  6.04840e-04
5938.00  6.03180e-04
5938.50  6.01459e-04
5939.00  5.99716e-04
5939.50  5.97985e-04
5940.00  5.96295e-04
5940.50  5.94666e-04
5941.00  5.93106e-04
5941.50  5.91612e-04
5942.00  5.90170e-04
5942.50  5.88759e-04
5943.00  5.87357e-04
5943.50  5.85949e-04
5944.00  5.84530e-04
5944.50  5.83113e-04
5945.00  5.81731e-04
5945.50  5.80437e-04
5946.00  5.79298e-04
5946.50  5.78392e-04
5947.00  5.77797e-04
5947.50  5.77581e-04
5948.00  5.77796e-04
5948.50  5.78467e-04
5949.00  5.79591e-04
5949.50  5.81134e-04
5950.00  5.83036e-04
5950.50  5.85215e-04
5951.00  5.87575e-04
5951.50  5.90018e-04
5952.00  5.92445e-04
5952.50  5.94775e-04
5953.00  5.96936e-04
5953.50  5.98880e-04
5954.00  6.00576e-04
5954.50  6.02011e-04
5955.00  6.03186e-04
5955.50  6.04115e-04
5956.00  6.04814e-04
5956.50  6.05306e-04
5957.00  6.05612e-04
5957.50  6.05747e-04
5958.00  6.05722e-04
5958.50  6.05540e-04
5959.00  6.05203e-04
5959.50  6.04707e-04
5960.00  6.04050e-04
5960.50  6.03232e-04
5961.00  6.02261e-04
5961.50  6.01154e-04
5962.00  5.99942e-04
5962.50  5.98666e-04
5963.00  5.97383e-04
5963.50  5.96150e-04
5964.00  5.95038e-04
5964.50  5.94111e-04
5965.00  5.93428e-04
5965.50  5.93034e-04
5966.00  5.92951e-04
5966.50  5.93184e-04
5967.00  5.93712e-04
5967.50  5.94493e-04
5968.00  5.95468e-04
5968.50  5.96565e-04
5969.00  5.97705e-04
5969.50  5.98809e-04
5970.00  5.99803e-04
5970.50  6.00619e-04
5971.00  6.01207e-04
5971.50  6.01526e-04
5972.00  6.01555e-04
5972.50  6.01283e-04
5973.00  6.00714e-04
5973.50  5.99873e-04
5974.00  5.98792e-04
5974.50  5.97518e-04
5975.00  5.96109e-04
5975.50  5.94633e-04
5976.00  5.93162e-04
5976.50  5.91770e-04
5977.00  5.90525e-04
5977.50  5.89488e-04
5978.00  5.88700e-04
5978.50  5.88181e-04
5979.00  5.87928e-04
5979.50  5.87911e-04
5980.00  5.88080e-04
5980.50  5.88366e-04
5981.00  5.88685e-04
5981.50  5.88953e-04
5982.00  5.89088e-04
5982.50  5.89024e-04
5983.00  5.88711e-04
5983.50  5.88122e-04
5984.00  5.87257e-04
5984.50  5.86140e-04
5985.00  5.84811e-04
5985.50  5.83336e-04
5986.00  5.81782e-04
5986.50  5.80225e-04
5987.00  5.78734e-04
5987.50  5.77370e-04
5988.00  5.76184e-04
5988.50  5.75206e-04
5989.00  5.74450e-04
5989.50  5.73922e-04
5990.00  5.73606e-04
5990.50  5.73479e-04
5991.00  5.73508e-04
5991.50  5.73656e-04
5992.00  5.73891e-04
5992.50  5.74176e-04
5993.00  5.74482e-04
5993.50  5.74777e-04
5994.00  5.75036e-04
5994.50  5.75238e-04
5995.00  5.75363e-04
5995.50  5.75384e-04
5996.00  5.75270e-04
5996.50  5.74986e-04
5997.00  5.74490e-04
5997.50  5.73739e-04
5998.00  5.72689e-04
5998.50  5.71301e-04
5999.00  5.69548e-04
5999.50  5.67412e-04
6000.00  5.64909e-04
6000.50  5.62066e-04
6001.00  5.58937e-04
6001.50  5.55598e-04
6002.00  5.52136e-04
6002.50  5.48656e-04
6003.00  5.45266e-04
6003.50  5.42073e-04
6004.00  5.39179e-04
6004.50  5.36674e-04
6005.00  5.34635e-04
6005.50  5.33125e-04
6006.00  5.32180e-04
6006.50  5.31823e-04
6007.00  5.32051e-04
6007.50  5.32839e-04
6008.00  5.34137e-04
6008.50  5.35874e-04
6009.00  5.37964e-04
6009.50  5.40312e-04
6010.00  5.42818e-04
6010.50  5.45399e-04
6011.00  5.47980e-04
6011.50  5.50509e-04
6012.00  5.52961e-04
6012.50  5.55333e-04
6013.00  5.57636e-04
6013.50  5.59903e-04
6014.00  5.62159e-04
6014.50  5.64425e-04
6015.00  5.66707e-04
6015.50  5.68993e-04
6016.00  5.71245e-04
6016.50  5.73405e-04
6017.00  5.75397e-04
6017.50  5.77141e-04
6018.00  5.78540e-04
6018.50  5.79519e-04
6019.00  5.80013e-04
6019.50  5.79982e-04
6020.00  5.79413e-04
6020.50  5.78328e-04
6021.00  5.76785e-04
6021.50  5.74872e-04
6022.00  5.72706e-04
6022.50  5.70424e-04
6023.00  5.68168e-04
6023.50  5.66082e-04
6024.00  5.64304e-04
6024.50  5.62947e-04
6025.00  5.62097e-04
6025.50  5.61805e-04
6026.00  5.62087e-04
6026.50  5.62925e-04
6027.00  5.64264e-04
6027.50  5.66025e-04
6028.00  5.68109e-04
6028.50  5.70400e-04
6029.00  5.72789e-04
6029.50  5.75165e-04
6030.00  5.77434e-04
6030.50  5.79521e-04
6031.00  5.81374e-04
6031.50  5.82964e-04
6032.00  5.84286e-04
6032.50  5.85358e-04
6033.00  5.86208e-04
6033.50  5.86873e-04
6034.00  5.87395e-04
6034.50  5.87809e-04
6035.00  5.88142e-04
6035.50  5.88408e-04
6036.00  5.88612e-04
6036.50  5.88750e-04
6037.00  5.88809e-04
6037.50  5.88776e-04
6038.00  5.88641e-04
6038.50  5.88403e-04
6039.00  5.88062e-04
6039.50  5.87638e-04
6040.00  5.87156e-04
6040.50  5.86648e-04
6041.00  5.86149e-04
6041.50  5.85695e-04
6042.00  5.85301e-04
6042.50  5.85001e-04
6043.00  5.84805e-04
6043.50  5.84718e-04
6044.00  5.84739e-04
6044.50  5.84864e-04
6045.00  5.85085e-04
6045.50  5.85392e-04
6046.00  5.85774e-04
6046.50  5.86214e-04
6047.00  5.86689e-04
6047.50  5.87167e-04
6048.00  5.87609e-04
6048.50  5.87961e-04
6049.00  5.88162e-04
6049.50  5.88151e-04
6050.00  5.87869e-04
6050.50  5.87267e-04
6051.00  5.86317e-04
6051.50  5.85010e-04
6052.00  5.83382e-04
6052.50  5.81490e-04
6053.00  5.79424e-04
6053.50  5.77299e-04
6054.00  5.75243e-04
6054.50  5.73386e-04
6055.00  5.71848e-04
6055.50  5.70724e-04
6056.00  5.70076e-04
6056.50  5.69925e-04
6057.00  5.70246e-04
6057.50  5.70974e-04
6058.00  5.72011e-04
6058.50  5.73233e-04
6059.00  5.74502e-04
6059.50  5.75688e-04
6060.00  5.76673e-04
6060.50  5.77373e-04
6061.00  5.77738e-04
6061.50  5.77764e-04
6062.00  5.77490e-04
6062.50  5.76991e-04
6063.00  5.76377e-04
6063.50  5.75778e-04
6064.00  5.75328e-04
6064.50  5.75147e-04
6065.00  5.75342e-04
6065.50  5.75989e-04
6066.00  5.77116e-04
6066.50  5.78712e-04
6067.00  5.80724e-04
6067.50  5.83060e-04
6068.00  5.85607e-04
6068.50  5.88224e-04
6069.00  5.90767e-04
6069.50  5.93087e-04
6070.00  5.95045e-04
6070.50  5.96518e-04
6071.00  5.97386e-04
6071.50  5.97564e-04
6072.00  5.96981e-04
6072.50  5.95591e-04
6073.00  5.93378e-04
6073.50  5.90360e-04
6074.00  5.86592e-04
6074.50  5.82170e-04
6075.00  5.77236e-04
6075.50  5.71970e-04
6076.00  5.66592e-04
6076.50  5.61347e-04
6077.00  5.56491e-04
6077.50  5.52274e-04
6078.00  5.48915e-04
6078.50  5.46594e-04
6079.00  5.45429e-04
6079.50  5.45467e-04
6080.00  5.46686e-04
6080.50  5.48981e-04
6081.00  5.52203e-04
6081.50  5.56150e-04
6082.00  5.60595e-04
6082.50  5.65304e-04
6083.00  5.70053e-04
6083.50  5.74648e-04
6084.00  5.78930e-04
6084.50  5.82787e-04
6085.00  5.86151e-04
6085.50  5.89001e-04
6086.00  5.91351e-04
6086.50  5.93248e-04
6087.00  5.94760e-04
6087.50  5.95965e-04
6088.00  5.96947e-04
6088.50  5.97783e-04
6089.00  5.98540e-04
6089.50  5.99274e-04
6090.00  6.00021e-04
6090.50  6.00804e-04
6091.00  6.01628e-04
6091.50  6.02486e-04
6092.00  6.03358e-04
6092.50  6.04220e-04
6093.00  6.05043e-04
6093.50  6.05793e-04
6094.00  6.06438e-04
6094.50  6.06956e-04
6095.00  6.07325e-04
6095.50  6.07531e-04
6096.00  6.07565e-04
6096.50  6.07418e-04
6097.00  6.07092e-04
6097.50  6.06589e-04
6098.00  6.05917e-04
6098.50  6.05081e-04
6099.00  6.04091e-04
6099.50  6.02962e-04
6100.00  6.01709e-04
6100.50  6.00355e-04
6101.00  5.98926e-04
6101.50  5.97456e-04
6102.00  5.95985e-04
6102.50  5.94555e-04
6103.00  5.93210e-04
6103.50  5.92001e-04
6104.00  5.90966e-04
6104.50  5.90141e-04
6105.00  5.89548e-04
6105.50  5.89194e-04
6106.00  5.89082e-04
6106.50  5.89192e-04
6107.00  5.89493e-04
6107.50  5.89946e-04
6108.00  5.90502e-04
6108.50  5.91110e-04
6109.00  5.91717e-04
6109.50  5.92268e-04
6110.00  5.92715e-04
6110.50  5.93010e-04
6111.00  5.93108e-04
6111.50  5.92975e-04
6112.00  5.92576e-04
6112.50  5.91884e-04
6113.00  5.90882e-04
6113.50  5.89560e-04
6114.00  5.87924e-04
6114.50  5.85995e-04
6115.00  5.83808e-04
6115.50  5.81419e-04
6116.00  5.78899e-04
6116.50  5.76328e-04
6117.00  5.73794e-04
6117.50  5.71386e-04
6118.00  5.69188e-04
6118.50  5.67266e-04
6119.00  5.65671e-04
6119.50  5.64426e-04
6120.00  5.63531e-04
6120.50  5.62957e-04
6121.00  5.62659e-04
6121.50  5.62573e-04
6122.00  5.62628e-04
6122.50  5.62750e-04
6123.00  5.62874e-04
6123.50  5.62955e-04
6124.00  5.62965e-04
6124.50  5.62894e-04
6125.00  5.62754e-04
6125.50  5.62572e-04
6126.00  5.62381e-04
6126.50  5.62220e-04
6127.00  5.62115e-04
6127.50  5.62079e-04
6128.00  5.62096e-04
6128.50  5.62122e-04
6129.00  5.62091e-04
6129.50  5.61905e-04
6130.00  5.61450e-04
6130.50  5.60610e-04
6131.00  5.59273e-04
6131.50  5.57365e-04
6132.00  5.54840e-04
6132.50  5.51713e-04
6133.00  5.48057e-04
6133.50  5.44004e-04
6134.00  5.39744e-04
6134.50  5.35496e-04
6135.00  5.31510e-04
6135.50  5.28030e-04
6136.00  5.25268e-04
6136.50  5.23395e-04
6137.00  5.22514e-04
6137.50  5.22656e-04
6138.00  5.23782e-04
6138.50  5.25790e-04
6139.00  5.28530e-04
6139.50  5.31827e-04
6140.00  5.35492e-04
6140.50  5.39358e-04
6141.00  5.43287e-04
6141.50  5.47175e-04
6142.00  5.50960e-04
6142.50  5.54621e-04
6143.00  5.58164e-04
6143.50  5.61618e-04
6144.00  5.65010e-04
6144.50  5.68370e-04
6145.00  5.71712e-04
6145.50  5.75032e-04
6146.00  5.78303e-04
6146.50  5.81479e-04
6147.00  5.84502e-04
6147.50  5.87303e-04
6148.00  5.89811e-04
6148.50  5.91964e-04
6149.00  5.93706e-04
6149.50  5.94997e-04
6150.00  5.95822e-04
6150.50  5.96179e-04
6151.00  5.96091e-04
6151.50  5.95594e-04
6152.00  5.94738e-04
6152.50  5.93581e-04
6153.00  5.92200e-04
6153.50  5.90663e-04
6154.00  5.89035e-04
6154.50  5.87368e-04
6155.00  5.85700e-04
6155.50  5.84053e-04
6156.00  5.82432e-04
6156.50  5.80808e-04
6157.00  5.79148e-04
6157.50  5.77391e-04
6158.00  5.75472e-04
6158.50  5.73319e-04
6159.00  5.70865e-04
6159.50  5.68053e-04
6160.00  5.64835e-04
6160.50  5.61186e-04
6161.00  5.57100e-04
6161.50  5.52590e-04
6162.00  5.47684e-04
6162.50  5.42425e-04
6163.00  5.36871e-04
6163.50  5.31089e-04
6164.00  5.25158e-04
6164.50  5.19170e-04
6165.00  5.13237e-04
6165.50  5.07488e-04
6166.00  5.02073e-04
6166.50  4.97166e-04
6167.00  4.92955e-04
6167.50  4.89634e-04
6168.00  4.87391e-04
6168.50  4.86389e-04
6169.00  4.86752e-04
6169.50  4.88541e-04
6170.00  4.91757e-04
6170.50  4.96319e-04
6171.00  5.02071e-04
6171.50  5.08796e-04
6172.00  5.16222e-04
6172.50  5.24052e-04
6173.00  5.31977e-04
6173.50  5.39706e-04
6174.00  5.46977e-04
6174.50  5.53587e-04
6175.00  5.59383e-04
6175.50  5.64278e-04
6176.00  5.68242e-04
6176.50  5.71294e-04
6177.00  5.73498e-04
6177.50  5.74941e-04
6178.00  5.75739e-04
6178.50  5.75999e-04
6179.00  5.75831e-04
6179.50  5.75323e-04
6180.00  5.74548e-04
6180.50  5.73546e-04
6181.00  5.72336e-04
6181.50  5.70901e-04
6182.00  5.69214e-04
6182.50  5.67225e-04
6183.00  5.64884e-04
6183.50  5.62145e-04
6184.00  5.58973e-04
6184.50  5.55360e-04
6185.00  5.51340e-04
6185.50  5.46969e-04
6186.00  5.42356e-04
6186.50  5.37636e-04
6187.00  5.32973e-04
6187.50  5.28546e-04
6188.00  5.24536e-04
6188.50  5.21113e-04
6189.00  5.18424e-04
6189.50  5.16581e-04
6190.00  5.15650e-04
6190.50  5.15654e-04
6191.00  5.16567e-04
6191.50  5.18320e-04
6192.00  5.20805e-04
6192.50  5.23887e-04
6193.00  5.27417e-04
6193.50  5.31235e-04
6194.00  5.35189e-04
6194.50  5.39142e-04
6195.00  5.42977e-04
6195.50  5.46604e-04
6196.00  5.49962e-04
6196.50  5.53016e-04
6197.00  5.55758e-04
6197.50  5.58194e-04
6198.00  5.60350e-04
6198.50  5.62251e-04
6199.00  5.63928e-04
6199.50  5.65403e-04
6200.00  5.66700e-04
6200.50  5.67826e-04
6201.00  5.68784e-04
