5736.50  4.96783e-05
5729.50  5.11449e-05
5730.00  5.11858e-05
5730.50  5.12100e-05
5731.00  5.12132e-05
5731.50  5.11919e-05
5732.00  5.11439e-05
5732.50  5.10681e-05
5733.00  5.09645e-05
5733.50  5.08343e-05
5734.00  5.06795e-05
5734.50  5.05033e-05
5735.00  5.03098e-05
5735.50  5.01039e-05
5736.00  4.98911e-05
5736.50  4.96783e-05
5737.00  4.94728e-05
5737.50  4.92824e-05
5738.00  4.91144e-05
5738.50  4.89766e-05
5739.00  4.88748e-05
5739.50  4.88136e-05
5740.00  4.87954e-05
5740.50  4.88204e-05
5741.00  4.88861e-05
5741.50  4.89879e-05
5742.00  4.91187e-05
5742.50  4.92702e-05
5743.00  4.94332e-05
5743.50  4.95982e-05
5744.00  4.97560e-05
5744.50  4.98985e-05
5745.00  5.00196e-05
5745.50  5.01141e-05
5746.00  5.01800e-05
5746.50  5.02168e-05
5747.00  5.02264e-05
5747.50  5.02119e-05
5748.00  5.01787e-05
5748.50  5.01326e-05
5749.00  5.00793e-05
5749.50  5.00257e-05
5750.00  4.99771e-05
5750.50  4.99377e-05
5751.00  4.99100e-05
5751.50  4.98945e-05
5752.00  4.98890e-05
5752.50  4.98892e-05
5753.00  4.98888e-05
5753.50  4.98796e-05
5754.00  4.98528e-05
5754.50  4.97995e-05
5755.00  4.97117e-05
5755.50  4.95838e-05
5756.00  4.94128e-05
5756.50  4.91995e-05
5757.00  4.89483e-05
5757.50  4.86677e-05
5758.00  4.83695e-05
5758.50  4.80683e-05
5759.00  4.77802e-05
5759.50  4.75220e-05
5760.00  4.73094e-05
5760.50  4.71563e-05
5761.00  4.70733e-05
5761.50  4.70669e-05
5762.00  4.71389e-05
5762.50  4.72867e-05
5763.00  4.75025e-05
5763.50  4.77750e-05
5764.00  4.80898e-05
5764.50  4.84301e-05
5765.00  4.87792e-05
5765.50  4.91204e-05
5766.00  4.94387e-05
5766.50  4.97219e-05
5767.00  4.99603e-05
5767.50  5.01484e-05
5768.00  5.02837e-05
5768.50  5.03666e-05
5769.00  5.04004e-05
5769.50  5.03905e-05
5770.00  5.03437e-05
5770.50  5.02678e-05
5771.00  5.01706e-05
5771.50  5.00607e-05
5772.00  4.99456e-05
5772.50  4.98325e-05
5773.00  4.97273e-05
5773.50  4.96349e-05
5774.00  4.95586e-05
5774.50  4.95002e-05
5775.00  4.94594e-05
5775.50  4.94350e-05
5776.00  4.94237e-05
5776.50  4.94203e-05
5777.00  4.94186e-05
5777.50  4.94119e-05
5778.00  4.93917e-05
5778.50  4.93503e-05
5779.00  4.92797e-05
5779.50  4.91730e-05
5780.00  4.90243e-05
5780.50  4.88298e-05
5781.00  4.85882e-05
5781.50  4.83010e-05
5782.00  4.79725e-05
5782.50  4.76098e-05
5783.00  4.72226e-05
5783.50  4.68224e-05
5784.00  4.64216e-05
5784.50  4.60331e-05
5785.00  4.56689e-05
5785.50  4.53395e-05
5786.00  4.50535e-05
5786.50  4.48171e-05
5787.00  4.46342e-05
5787.50  4.45065e-05
5788.00  4.44340e-05
5788.50  4.44157e-05
5789.00  4.44490e-05
5789.50  4.45312e-05
5790.00  4.46589e-05
5790.50  4.48287e-05
5791.00  4.50365e-05
5791.50  4.52780e-05
5792.00  4.55479e-05
5792.50  4.58405e-05
5793.00  4.61501e-05
5793.50  4.64698e-05
5794.00  4.67935e-05
5794.50  4.71151e-05
5795.00  4.74287e-05
5795.50  4.77290e-05
5796.00  4.80115e-05
5796.50  4.82720e-05
5797.00  4.85070e-05
5797.50  4.87134e-05
5798.00  4.88884e-05
5798.50  4.90300e-05
5799.00  4.91369e-05
5799.50  4.92093e-05
5800.00  4.92481e-05
5800.50  4.92567e-05
5801.00  4.92396e-05
5801.50  4.92036e-05
5802.00  4.91561e-05
5802.50  4.91058e-05
5803.00  4.90609e-05
5803.50  4.90288e-05
5804.00  4.90149e-05
5804.50  4.90225e-05
5805.00  4.90522e-05
5805.50  4.91019e-05
5806.00  4.91666e-05
5806.50  4.92405e-05
5807.00  4.93166e-05
5807.50  4.93881e-05
5808.00  4.94487e-05
5808.50  4.94936e-05
5809.00  4.95200e-05
5809.50  4.95272e-05
5810.00  4.95158e-05
5810.50  4.94885e-05
5811.00  4.94490e-05
5811.50  4.94019e-05
5812.00  4.93521e-05
5812.50  4.93046e-05
5813.00  4.92642e-05
5813.50  4.92350e-05
5814.00  4.92207e-05
5814.50  4.92243e-05
5815.00  4.92475e-05
5815.50  4.92912e-05
5816.00  4.93552e-05
5816.50  4.94381e-05
5817.00  4.95376e-05
5817.50  4.96503e-05
5818.00  4.97722e-05
5818.50  4.98987e-05
5819.00  5.00253e-05
5819.50  5.01476e-05
5820.00  5.02617e-05
5820.50  5.03650e-05
5821.00  5.04553e-05
5821.50  5.05314e-05
5822.00  5.05933e-05
5822.50  5.06413e-05
5823.00  5.06760e-05
5823.50  5.06984e-05
5824.00  5.07087e-05
5824.50  5.07074e-05
5825.00  5.06935e-05
5825.50  5.06655e-05
5826.00  5.06212e-05
5826.50  5.05577e-05
5827.00  5.04720e-05
5827.50  5.03613e-05
5828.00  5.02231e-05
5828.50  5.00563e-05
5829.00  4.98614e-05
5829.50  4.96408e-05
5830.00  4.93990e-05
5830.50  4.91425e-05
5831.00  4.88796e-05
5831.50  4.86200e-05
5832.00  4.83742e-05
5832.50  4.81523e-05
5833.00  4.79634e-05
5833.50  4.78154e-05
5834.00  4.77133e-05
5834.50  4.76598e-05
5835.00  4.76544e-05
5835.50  4.76941e-05
5836.00  4.77736e-05
5836.50  4.78856e-05
5837.00  4.80220e-05
5837.50  4.81735e-05
5838.00  4.83312e-05
5838.50  4.84865e-05
5839.00  4.86314e-05
5839.50  4.87589e-05
5840.00  4.88634e-05
5840.50  4.89402e-05
5841.00  4.89864e-05
5841.50  4.90005e-05
5842.00  4.89829e-05
5842.50  4.89359e-05
5843.00  4.88637e-05
5843.50  4.87719e-05
5844.00  4.86689e-05
5844.50  4.85635e-05
5845.00  4.84653e-05
5845.50  4.83835e-05
5846.00  4.83267e-05
5846.50  4.83016e-05
5847.00  4.83120e-05
5847.50  4.83585e-05
5848.00  4.84385e-05
5848.50  4.85458e-05
5849.00  4.86709e-05
5849.50  4.88024e-05
5850.00  4.89273e-05
5850.50  4.90327e-05
5851.00  4.91064e-05
5851.50  4.91383e-05
5852.00  4.91214e-05
5852.50  4.90524e-05
5853.00  4.89321e-05
5853.50  4.87654e-05
5854.00  4.85609e-05
5854.50  4.83303e-05
5855.00  4.80874e-05
5855.50  4.78471e-05
5856.00  4.76240e-05
5856.50  4.74310e-05
5857.00  4.72783e-05
5857.50  4.71727e-05
5858.00  4.71165e-05
5858.50  4.71080e-05
5859.00  4.71410e-05
5859.50  4.72063e-05
5860.00  4.72922e-05
5860.50  4.73861e-05
5861.00  4.74757e-05
5861.50  4.75504e-05
5862.00  4.76023e-05
5862.50  4.76275e-05
5863.00  4.76258e-05
5863.50  4.76014e-05
5864.00  4.75611e-05
5864.50  4.75149e-05
5865.00  4.74734e-05
5865.50  4.74474e-05
5866.00  4.74462e-05
5866.50  4.74768e-05
5867.00  4.75428e-05
5867.50  4.76444e-05
5868.00  4.77783e-05
5868.50  4.79382e-05
5869.00  4.81157e-05
5869.50  4.83009e-05
5870.00  4.84838e-05
5870.50  4.86549e-05
5871.00  4.88059e-05
5871.50  4.89307e-05
5872.00  4.90251e-05
5872.50  4.90860e-05
5873.00  4.91132e-05
5873.50  4.91079e-05
5874.00  4.90724e-05
5874.50  4.90097e-05
5875.00  4.89241e-05
5875.50  4.88202e-05
5876.00  4.87027e-05
5876.50  4.85775e-05
5877.00  4.84500e-05
5877.50  4.83253e-05
5878.00  4.82082e-05
5878.50  4.81024e-05
5879.00  4.80104e-05
5879.50  4.79330e-05
5880.00  4.78690e-05
5880.50  4.78151e-05
5881.00  4.77661e-05
5881.50  4.77143e-05
5882.00  4.76513e-05
5882.50  4.75682e-05
5883.00  4.74555e-05
5883.50  4.73048e-05
5884.00  4.71092e-05
5884.50  4.68645e-05
5885.00  4.65694e-05
5885.50  4.62265e-05
5886.00  4.58420e-05
5886.50  4.54262e-05
5887.00  4.49922e-05
5887.50  4.45555e-05
5888.00  4.41329e-05
5888.50  4.37404e-05
5889.00  4.33926e-05
5889.50  4.31007e-05
5890.00  4.28716e-05
5890.50  4.27079e-05
5891.00  4.26075e-05
5891.50  4.25646e-05
5892.00  4.25710e-05
5892.50  4.26169e-05
5893.00  4.26932e-05
5893.50  4.27920e-05
5894.00  4.29077e-05
5894.50  4.30372e-05
5895.00  4.31796e-05
5895.50  4.33357e-05
5896.00  4.35065e-05
5896.50  4.36934e-05
5897.00  4.38960e-05
5897.50  4.41123e-05
5898.00  4.43386e-05
5898.50  4.45699e-05
5899.00  4.48000e-05
5899.50  4.50224e-05
5900.00  4.52312e-05
5900.50  4.54216e-05
5901.00  4.55901e-05
5901.50  4.57342e-05
5902.00  4.58536e-05
5902.50  4.59485e-05
5903.00  4.60198e-05
5903.50  4.60691e-05
5904.00  4.60978e-05
5904.50  4.61074e-05
5905.00  4.60993e-05
5905.50  4.60752e-05
5906.00  4.60369e-05
5906.50  4.59868e-05
5907.00  4.59277e-05
5907.50  4.58627e-05
5908.00  4.57956e-05
5908.50  4.57303e-05
5909.00  4.56707e-05
5909.50  4.56201e-05
5910.00  4.55812e-05
5910.50  4.55559e-05
5911.00  4.55444e-05
5911.50  4.55465e-05
5912.00  4.55612e-05
5912.50  4.55866e-05
5913.00  4.56205e-05
5913.50  4.56613e-05
5914.00  4.57077e-05
5914.50  4.57590e-05
5915.00  4.58156e-05
5915.50  4.58783e-05
5916.00  4.59488e-05
5916.50  4.60285e-05
5917.00  4.61191e-05
5917.50  4.62212e-05
5918.00  4.63352e-05
5918.50  4.64602e-05
5919.00  4.65944e-05
5919.50  4.67352e-05
5920.00  4.68795e-05
5920.50  4.70237e-05
5921.00  4.71646e-05
5921.50  4.72992e-05
5922.00  4.74253e-05
5922.50  4.75414e-05
5923.00  4.76469e-05
5923.50  4.77418e-05
5924.00  4.78268e-05
5924.50  4.79031e-05
5925.00  4.79715e-05
5925.50  4.80336e-05
5926.00  4.80903e-05
5926.50  4.81427e-05
5927.00  4.81911e-05
5927.50  4.82363e-05
5928.00  4.82784e-05
5928.50  4.83175e-05
5929.00  4.83534e-05
5929.50  4.83858e-05
5930.00  4.84146e-05
5930.50  4.84389e-05
5931.00  4.84581e-05
5931.50  4.84712e-05
5932.00  4.84774e-05
5932.50  4.84754e-05
5933.00  4.84642e-05
5933.50  4.84423e-05
5934.00  4.84089e-05
5934.50  4.83627e-05
5935.00  4.83036e-05
5935.50  4.82310e-05
5936.00  4.81453e-05
5936.50  4.80470e-05
5937.00  4.79377e-05
5937.50  4.78190e-05
5938.00  4.76935e-05
5938.50  4.75637e-05
5939.00  4.74324e-05
5939.50  4.73021e-05
5940.00  4.71750e-05
5940.50  4.70523e-05
5941.00  4.69346e-05
5941.50  4.68213e-05
5942.00  4.67112e-05
5942.50  4.66028e-05
5943.00  4.64944e-05
5943.50  4.63848e-05
5944.00  4.62738e-05
5944.50  4.61626e-05
5945.00  4.60538e-05
5945.50  4.59515e-05
5946.00  4.58611e-05
5946.50  4.57885e-05
5947.00  4.57399e-05
5947.50  4.57205e-05
5948.00  4.57343e-05
5948.50  4.57831e-05
5949.00  4.58667e-05
5949.50  4.59827e-05
5950.00  4.61262e-05
5950.50  4.62911e-05
5951.00  4.64701e-05
5951.50  4.66556e-05
5952.00  4.68401e-05
5952.50  4.70173e-05
5953.00  4.71819e-05
5953.50  4.73299e-05
5954.00  4.74589e-05
5954.50  4.75678e-05
5955.00  4.76567e-05
5955.50  4.77266e-05
5956.00  4.77785e-05
5956.50  4.78143e-05
5957.00  4.78355e-05
5957.50  4.78434e-05
5958.00  4.78390e-05
5958.50  4.78227e-05
5959.00  4.77948e-05
5959.50  4.77551e-05
5960.00  4.77038e-05
5960.50  4.76409e-05
5961.00  4.75671e-05
5961.50  4.74838e-05
5962.00  4.73933e-05
5962.50  4.72986e-05
5963.00  4.72040e-05
5963.50  4.71137e-05
5964.00  4.70330e-05
5964.50  4.69665e-05
5965.00  4.69186e-05
5965.50  4.68924e-05
5966.00  4.68898e-05
5966.50  4.69110e-05
5967.00  4.69543e-05
5967.50  4.70166e-05
5968.00  4.70934e-05
5968.50  4.71794e-05
5969.00  4.72685e-05
5969.50  4.73548e-05
5970.00  4.74328e-05
5970.50  4.74973e-05
5971.00  4.75445e-05
5971.50  4.75713e-05
5972.00  4.75761e-05
5972.50  4.75582e-05
5973.00  4.75178e-05
5973.50  4.74569e-05
5974.00  4.73780e-05
5974.50  4.72846e-05
5975.00  4.71812e-05
5975.50  4.70732e-05
5976.00  4.69659e-05
5976.50  4.68650e-05
5977.00  4.67755e-05
5977.50  4.67021e-05
5978.00  4.66477e-05
5978.50  4.66137e-05
5979.00  4.65996e-05
5979.50  4.66031e-05
5980.00  4.66201e-05
5980.50  4.66451e-05
5981.00  4.66718e-05
5981.50  4.66937e-05
5982.00  4.67045e-05
5982.50  4.66993e-05
5983.00  4.66746e-05
5983.50  4.66285e-05
5984.00  4.65613e-05
5984.50  4.64751e-05
5985.00  4.63733e-05
5985.50  4.62612e-05
5986.00  4.61441e-05
5986.50  4.60279e-05
5987.00  4.59179e-05
5987.50  4.58187e-05
5988.00  4.57338e-05
5988.50  4.56654e-05
5989.00  4.56140e-05
5989.50  4.55798e-05
5990.00  4.55610e-05
5990.50  4.55556e-05
5991.00  4.55608e-05
5991.50  4.55736e-05
5992.00  4.55914e-05
5992.50  4.56115e-05
5993.00  4.56317e-05
5993.50  4.56499e-05
5994.00  4.56643e-05
5994.50  4.56736e-05
5995.00  4.56768e-05
5995.50  4.56718e-05
5996.00  4.56567e-05
5996.50  4.56289e-05
5997.00  4.55854e-05
5997.50  4.55230e-05
5998.00  4.54386e-05
5998.50  4.53292e-05
5999.00  4.51929e-05
5999.50  4.50284e-05
6000.00  4.48370e-05
6000.50  4.46209e-05
6001.00  4.43841e-05
6001.50  4.41326e-05
6002.00  4.38728e-05
6002.50  4.36127e-05
6003.00  4.33604e-05
6003.50  4.31236e-05
6004.00  4.29099e-05
6004.50  4.27257e-05
6005.00  4.25765e-05
6005.50  4.24666e-05
6006.00  4.23985e-05
6006.50  4.23735e-05
6007.00  4.23913e-05
6007.50  4.24496e-05
6008.00  4.25447e-05
6008.50  4.26713e-05
6009.00  4.28231e-05
6009.50  4.29930e-05
6010.00  4.31739e-05
6010.50  4.33601e-05
6011.00  4.35461e-05
6011.50  4.37287e-05
6012.00  4.39062e-05
6012.50  4.40789e-05
6013.00  4.42477e-05
6013.50  4.44152e-05
6014.00  4.45834e-05
6014.50  4.47537e-05
6015.00  4.49264e-05
6015.50  4.51002e-05
6016.00  4.52720e-05
6016.50  4.54371e-05
6017.00  4.55897e-05
6017.50  4.57232e-05
6018.00  4.58304e-05
6018.50  4.59056e-05
6019.00  4.59437e-05
6019.50  4.59419e-05
6020.00  4.58992e-05
6020.50  4.58175e-05
6021.00  4.57012e-05
6021.50  4.55574e-05
6022.00  4.53949e-05
6022.50  4.52244e-05
6023.00  4.50568e-05
6023.50  4.49030e-05
6024.00  4.47736e-05
6024.50  4.46773e-05
6025.00  4.46205e-05
6025.50  4.46069e-05
6026.00  4.46374e-05
6026.50  4.47104e-05
6027.00  4.48214e-05
6027.50  4.49639e-05
6028.00  4.51303e-05
6028.50  4.53113e-05
6029.00  4.54984e-05
6029.50  4.56832e-05
6030.00  4.58584e-05
6030.50  4.60185e-05
6031.00  4.61596e-05
6031.50  4.62798e-05
6032.00  4.63790e-05
6032.50  4.64587e-05
6033.00  4.65215e-05
6033.50  4.65702e-05
6034.00  4.66084e-05
6034.50  4.66388e-05
6035.00  4.66635e-05
6035.50  4.66837e-05
6036.00  4.66998e-05
6036.50  4.67115e-05
6037.00  4.67179e-05
6037.50  4.67179e-05
6038.00  4.67106e-05
6038.50  4.66962e-05
6039.00  4.66744e-05
6039.50  4.66469e-05
6040.00  4.66155e-05
6040.50  4.65828e-05
6041.00  4.65513e-05
6041.50  4.65238e-05
6042.00  4.65017e-05
6042.50  4.64874e-05
6043.00  4.64817e-05
6043.50  4.64849e-05
6044.00  4.64968e-05
6044.50  4.65170e-05
6045.00  4.65444e-05
6045.50  4.65782e-05
6046.00  4.66169e-05
6046.50  4.66590e-05
6047.00  4.67024e-05
6047.50  4.67443e-05
6048.00  4.67814e-05
6048.50  4.68095e-05
6049.00  4.68239e-05
6049.50  4.68199e-05
6050.00  4.67932e-05
6050.50  4.67402e-05
6051.00  4.66591e-05
6051.50  4.65493e-05
6052.00  4.64141e-05
6052.50  4.62582e-05
6053.00  4.60887e-05
6053.50  4.59149e-05
6054.00  4.57466e-05
6054.50  4.55943e-05
6055.00  4.54671e-05
6055.50  4.53727e-05
6056.00  4.53158e-05
6056.50  4.52980e-05
6057.00  4.53176e-05
6057.50  4.53697e-05
6058.00  4.54466e-05
6058.50  4.55389e-05
6059.00  4.56361e-05
6059.50  4.57280e-05
6060.00  4.58057e-05
6060.50  4.58624e-05
6061.00  4.58942e-05
6061.50  4.59007e-05
6062.00  4.58847e-05
6062.50  4.58516e-05
6063.00  4.58099e-05
6063.50  4.57692e-05
6064.00  4.57399e-05
6064.50  4.57313e-05
6065.00  4.57515e-05
6065.50  4.58063e-05
6066.00  4.58982e-05
6066.50  4.60263e-05
6067.00  4.61867e-05
6067.50  4.63724e-05
6068.00  4.65746e-05
6068.50  4.67826e-05
6069.00  4.69849e-05
6069.50  4.71703e-05
6070.00  4.73279e-05
6070.50  4.74479e-05
6071.00  4.75211e-05
6071.50  4.75407e-05
6072.00  4.75012e-05
6072.50  4.73990e-05
6073.00  4.72328e-05
6073.50  4.70040e-05
6074.00  4.67169e-05
6074.50  4.63788e-05
6075.00  4.60010e-05
6075.50  4.55973e-05
6076.00  4.51849e-05
6076.50  4.47826e-05
6077.00  4.44104e-05
6077.50  4.40874e-05
6078.00  4.38307e-05
6078.50  4.36538e-05
6079.00  4.35660e-05
6079.50  4.35706e-05
6080.00  4.36658e-05
6080.50  4.38434e-05
6081.00  4.40917e-05
6081.50  4.43953e-05
6082.00  4.47365e-05
6082.50  4.50974e-05
6083.00  4.54610e-05
6083.50  4.58124e-05
6084.00  4.61398e-05
6084.50  4.64346e-05
6085.00  4.66920e-05
6085.50  4.69104e-05
6086.00  4.70915e-05
6086.50  4.72387e-05
6087.00  4.73575e-05
6087.50  4.74540e-05
6088.00  4.75345e-05
6088.50  4.76050e-05
6089.00  4.76706e-05
6089.50  4.77354e-05
6090.00  4.78020e-05
6090.50  4.78720e-05
6091.00  4.79458e-05
6091.50  4.80225e-05
6092.00  4.81007e-05
6092.50  4.81783e-05
6093.00  4.82531e-05
6093.50  4.83223e-05
6094.00  4.83833e-05
6094.50  4.84344e-05
6095.00  4.84737e-05
6095.50  4.84996e-05
6096.00  4.85114e-05
6096.50  4.85080e-05
6097.00  4.84892e-05
6097.50  4.84551e-05
6098.00  4.84058e-05
6098.50  4.83420e-05
6099.00  4.82644e-05
6099.50  4.81742e-05
6100.00  4.80730e-05
6100.50  4.79628e-05
6101.00  4.78463e-05
6101.50  4.77266e-05
6102.00  4.76072e-05
6102.50  4.74920e-05
6103.00  4.73848e-05
6103.50  4.72897e-05
6104.00  4.72100e-05
6104.50  4.71484e-05
6105.00  4.71065e-05
6105.50  4.70846e-05
6106.00  4.70825e-05
6106.50  4.70983e-05
6107.00  4.71291e-05
6107.50  4.71713e-05
6108.00  4.72210e-05
6108.50  4.72738e-05
6109.00  4.73255e-05
6109.50  4.73720e-05
6110.00  4.74096e-05
6110.50  4.74350e-05
6111.00  4.74451e-05
6111.50  4.74375e-05
6112.00  4.74100e-05
6112.50  4.73605e-05
6113.00  4.72880e-05
6113.50  4.71917e-05
6114.00  4.70717e-05
6114.50  4.69296e-05
6115.00  4.67673e-05
6115.50  4.65891e-05
6116.00  4.63997e-05
6116.50  4.62051e-05
6117.00  4.60119e-05
6117.50  4.58267e-05
6118.00  4.56561e-05
6118.50  4.55056e-05
6119.00  4.53793e-05
6119.50  4.52797e-05
6120.00  4.52072e-05
6120.50  4.51604e-05
6121.00  4.51362e-05
6121.50  4.51302e-05
6122.00  4.51373e-05
6122.50  4.51520e-05
6123.00  4.51693e-05
6123.50  4.51855e-05
6124.00  4.51981e-05
6124.50  4.52059e-05
6125.00  4.52091e-05
6125.50  4.52090e-05
6126.00  4.52078e-05
6126.50  4.52075e-05
6127.00  4.52098e-05
6127.50  4.52151e-05
6128.00  4.52221e-05
6128.50  4.52272e-05
6129.00  4.52252e-05
6129.50  4.52090e-05
6130.00  4.51699e-05
6130.50  4.50993e-05
6131.00  4.49892e-05
6131.50  4.48340e-05
6132.00  4.46308e-05
6132.50  4.43811e-05
6133.00  4.40909e-05
6133.50  4.37707e-05
6134.00  4.34355e-05
6134.50  4.31026e-05
6135.00  4.27912e-05
6135.50  4.25205e-05
6136.00  4.23067e-05
6136.50  4.21630e-05
6137.00  4.20973e-05
6137.50  4.21118e-05
6138.00  4.22033e-05
6138.50  4.23634e-05
6139.00  4.25802e-05
6139.50  4.28397e-05
6140.00  4.31272e-05
6140.50  4.34292e-05
6141.00  4.37346e-05
6141.50  4.40353e-05
6142.00  4.43263e-05
6142.50  4.46059e-05
6143.00  4.48746e-05
6143.50  4.51346e-05
6144.00  4.53882e-05
6144.50  4.56380e-05
6145.00  4.58852e-05
6145.50  4.61299e-05
6146.00  4.63701e-05
6146.50  4.66027e-05
6147.00  4.68232e-05
6147.50  4.70266e-05
6148.00  4.72076e-05
6148.50  4.73614e-05
6149.00  4.74838e-05
6149.50  4.75718e-05
6150.00  4.76241e-05
6150.50  4.76406e-05
6151.00  4.76231e-05
6151.50  4.75742e-05
6152.00  4.74977e-05
6152.50  4.73980e-05
6153.00  4.72810e-05
6153.50  4.71517e-05
6154.00  4.70152e-05
6154.50  4.68756e-05
6155.00  4.67356e-05
6155.50  4.65968e-05
6156.00  4.64597e-05
6156.50  4.63222e-05
6157.00  4.61815e-05
6157.50  4.60330e-05
6158.00  4.58716e-05
6158.50  4.56921e-05
6159.00  4.54891e-05
6159.50  4.52584e-05
6160.00  4.49962e-05
6160.50  4.47010e-05
6161.00  4.43722e-05
6161.50  4.40109e-05
6162.00  4.36196e-05
6162.50  4.32017e-05
6163.00  4.27620e-05
6163.50  4.23056e-05
6164.00  4.18390e-05
6164.50  4.13695e-05
6165.00  4.09058e-05
6165.50  4.04580e-05
6166.00  4.00380e-05
6166.50  3.96592e-05
6167.00  3.93362e-05
6167.50  3.90838e-05
6168.00  3.89166e-05
6168.50  3.88469e-05
6169.00  3.88841e-05
6169.50  3.90327e-05
6170.00  3.92922e-05
6170.50  3.96561e-05
6171.00  4.01118e-05
6171.50  4.06421e-05
6172.00  4.12257e-05
6172.50  4.18390e-05
6173.00  4.24581e-05
6173.50  4.30602e-05
6174.00  4.36249e-05
6174.50  4.41366e-05
6175.00  4.45834e-05
6175.50  4.49590e-05
6176.00  4.52611e-05
6176.50  4.54918e-05
6177.00  4.56564e-05
6177.50  4.57619e-05
6178.00  4.58178e-05
6178.50  4.58328e-05
6179.00  4.58154e-05
6179.50  4.57730e-05
6180.00  4.57111e-05
6180.50  4.56329e-05
6181.00  4.55395e-05
6181.50  4.54296e-05
6182.00  4.53006e-05
6182.50  4.51485e-05
6183.00  4.49689e-05
6183.50  4.47581e-05
6184.00  4.45130e-05
6184.50  4.42329e-05
6185.00  4.39204e-05
6185.50  4.35797e-05
6186.00  4.32192e-05
6186.50  4.28497e-05
6187.00  4.24837e-05
6187.50  4.21353e-05
6188.00  4.18186e-05
6188.50  4.15466e-05
6189.00  4.13309e-05
6189.50  4.11801e-05
6190.00  4.10994e-05
6190.50  4.10906e-05
6191.00  4.11519e-05
6191.50  4.12780e-05
6192.00  4.14610e-05
6192.50  4.16908e-05
6193.00  4.19559e-05
6193.50  4.22445e-05
6194.00  4.25451e-05
6194.50  4.28473e-05
6195.00  4.31421e-05
6195.50  4.34227e-05
6196.00  4.36842e-05
6196.50  4.39237e-05
6197.00  4.41401e-05
6197.50  4.43335e-05
6198.00  4.45053e-05
6198.50  4.46570e-05
6199.00  4.47905e-05
6199.50  4.49071e-05
6200.00  4.50084e-05
6200.50  4.50947e-05
6201.00  4.51661e-05
