5736.50  5.56003e-04
5729.50  5.74920e-04
5730.00  5.75324e-04
5730.50  5.75539e-04
5731.00  5.75527e-04
5731.50  5.75250e-04
5732.00  5.74679e-04
5732.50  5.73792e-04
5733.00  5.72575e-04
5733.50  5.71024e-04
5734.00  5.69142e-04
5734.50  5.66950e-04
5735.00  5.64479e-04
5735.50  5.61783e-04
5736.00  5.58926e-04
5736.50  5.56003e-04
5737.00  5.53121e-04
5737.50  5.50404e-04
5738.00  5.47975e-04
5738.50  5.45966e-04
5739.00  5.44484e-04
5739.50  5.43616e-04
5740.00  5.43413e-04
5740.50  5.43888e-04
5741.00  5.45011e-04
5741.50  5.46710e-04
5742.00  5.48877e-04
5742.50  5.51380e-04
5743.00  5.54071e-04
5743.50  5.56800e-04
5744.00  5.59424e-04
5744.50  5.61815e-04
5745.00  5.63877e-04
5745.50  5.65533e-04
5746.00  5.66745e-04
5746.50  5.67504e-04
5747.00  5.67826e-04
5747.50  5.67751e-04
5748.00  5.67342e-04
5748.50  5.66670e-04
5749.00  5.65809e-04
5749.50  5.64846e-04
5750.00  5.63853e-04
5750.50  5.62892e-04
5751.00  5.62008e-04
5751.50  5.61224e-04
5752.00  5.60532e-04
5752.50  5.59903e-04
5753.00  5.59279e-04
5753.50  5.58579e-04
5754.00  5.57710e-04
5754.50  5.56574e-04
5755.00  5.55078e-04
5755.50  5.53153e-04
5756.00  5.50760e-04
5756.50  5.47899e-04
5757.00  5.44617e-04
5757.50  5.41006e-04
5758.00  5.37202e-04
5758.50  5.33373e-04
5759.00  5.29715e-04
5759.50  5.26429e-04
5760.00  5.23705e-04
5760.50  5.21716e-04
5761.00  5.20590e-04
5761.50  5.20411e-04
5762.00  5.21201e-04
5762.50  5.22927e-04
5763.00  5.25494e-04
5763.50  5.28765e-04
5764.00  5.32559e-04
5764.50  5.36673e-04
5765.00  5.40899e-04
5765.50  5.45032e-04
5766.00  5.48888e-04
5766.50  5.52316e-04
5767.00  5.55195e-04
5767.50  5.57456e-04
5768.00  5.59065e-04
5768.50  5.60026e-04
5769.00  5.60375e-04
5769.50  5.60179e-04
5770.00  5.59525e-04
5770.50  5.58515e-04
5771.00  5.57253e-04
5771.50  5.55855e-04
5772.00  5.54425e-04
5772.50  5.53067e-04
5773.00  5.51863e-04
5773.50  5.50880e-04
5774.00  5.50164e-04
5774.50  5.49732e-04
5775.00  5.49574e-04
5775.50  5.49663e-04
5776.00  5.49942e-04
5776.50  5.50329e-04
5777.00  5.50729e-04
5777.50  5.51043e-04
5778.00  5.51151e-04
5778.50  5.50946e-04
5779.00  5.50319e-04
5779.50  5.49181e-04
5780.00  5.47456e-04
5780.50  5.45097e-04
5781.00  5.42084e-04
5781.50  5.38439e-04
5782.00  5.34216e-04
5782.50  5.29505e-04
5783.00  5.24431e-04
5783.50  5.19138e-04
5784.00  5.13792e-04
5784.50  5.08557e-04
5785.00  5.03595e-04
5785.50  4.99045e-04
5786.00  4.95025e-04
5786.50  4.91620e-04
5787.00  4.88884e-04
5787.50  4.86842e-04
5788.00  4.85496e-04
5788.50  4.84828e-04
5789.00  4.84802e-04
5789.50  4.85382e-04
5790.00  4.86522e-04
5790.50  4.88183e-04
5791.00  4.90320e-04
5791.50  4.92889e-04
5792.00  4.95841e-04
5792.50  4.99128e-04
5793.00  5.02698e-04
5793.50  5.06488e-04
5794.00  5.10438e-04
5794.50  5.14482e-04
5795.00  5.18549e-04
5795.50  5.22568e-04
5796.00  5.26465e-04
5796.50  5.30164e-04
5797.00  5.33594e-04
5797.50  5.36686e-04
5798.00  5.39378e-04
5798.50  5.41620e-04
5799.00  5.43380e-04
5799.50  5.44650e-04
5800.00  5.45438e-04
5800.50  5.45789e-04
5801.00  5.45771e-04
5801.50  5.45475e-04
5802.00  5.45007e-04
5802.50  5.44485e-04
5803.00  5.44014e-04
5803.50  5.43692e-04
5804.00  5.43581e-04
5804.50  5.43720e-04
5805.00  5.44108e-04
5805.50  5.44712e-04
5806.00  5.45463e-04
5806.50  5.46280e-04
5807.00  5.47074e-04
5807.50  5.47759e-04
5808.00  5.48257e-04
5808.50  5.48517e-04
5809.00  5.48511e-04
5809.50  5.48244e-04
5810.00  5.47737e-04
5810.50  5.47042e-04
5811.00  5.46224e-04
5811.50  5.45356e-04
5812.00  5.44515e-04
5812.50  5.43773e-04
5813.00  5.43198e-04
5813.50  5.42841e-04
5814.00  5.42741e-04
5814.50  5.42920e-04
5815.00  5.43386e-04
5815.50  5.44128e-04
5816.00  5.45119e-04
5816.50  5.46321e-04
5817.00  5.47685e-04
5817.50  5.49154e-04
5818.00  5.50669e-04
5818.50  5.52169e-04
5819.00  5.53597e-04
5819.50  5.54907e-04
5820.00  5.56058e-04
5820.50  5.57027e-04
5821.00  5.57799e-04
5821.50  5.58371e-04
5822.00  5.58751e-04
5822.50  5.58951e-04
5823.00  5.58989e-04
5823.50  5.58881e-04
5824.00  5.58636e-04
5824.50  5.58262e-04
5825.00  5.57753e-04
5825.50  5.57091e-04
5826.00  5.56253e-04
5826.50  5.55206e-04
5827.00  5.53913e-04
5827.50  5.52339e-04
5828.00  5.50455e-04
5828.50  5.48247e-04
5829.00  5.45719e-04
5829.50  5.42897e-04
5830.00  5.39836e-04
5830.50  5.36614e-04
5831.00  5.33328e-04
5831.50  5.30097e-04
5832.00  5.27044e-04
5832.50  5.24292e-04
5833.00  5.21950e-04
5833.50  5.20113e-04
5834.00  5.18842e-04
5834.50  5.18170e-04
5835.00  5.18092e-04
5835.50  5.18576e-04
5836.00  5.19560e-04
5836.50  5.20962e-04
5837.00  5.22686e-04
5837.50  5.24624e-04
5838.00  5.26670e-04
5838.50  5.28722e-04
5839.00  5.30684e-04
5839.50  5.32471e-04
5840.00  5.34011e-04
5840.50  5.35245e-04
5841.00  5.36133e-04
5841.50  5.36652e-04
5842.00  5.36801e-04
5842.50  5.36599e-04
5843.00  5.36088e-04
5843.50  5.35327e-04
5844.00  5.34407e-04
5844.50  5.33422e-04
5845.00  5.32479e-04
5845.50  5.31682e-04
5846.00  5.31130e-04
5846.50  5.30901e-04
5847.00  5.31045e-04
5847.50  5.31579e-04
5848.00  5.32481e-04
5848.50  5.33693e-04
5849.00  5.35118e-04
5849.50  5.36635e-04
5850.00  5.38107e-04
5850.50  5.39390e-04
5851.00  5.40351e-04
5851.50  5.40875e-04
5852.00  5.40881e-04
5852.50  5.40327e-04
5853.00  5.39219e-04
5853.50  5.37603e-04
5854.00  5.35573e-04
5854.50  5.33252e-04
5855.00  5.30789e-04
5855.50  5.28342e-04
5856.00  5.26065e-04
5856.50  5.24094e-04
5857.00  5.22532e-04
5857.50  5.21442e-04
5858.00  5.20838e-04
5858.50  5.20688e-04
5859.00  5.20910e-04
5859.50  5.21390e-04
5860.00  5.21990e-04
5860.50  5.22563e-04
5861.00  5.22972e-04
5861.50  5.23107e-04
5862.00  5.22891e-04
5862.50  5.22301e-04
5863.00  5.21364e-04
5863.50  5.20157e-04
5864.00  5.18797e-04
5864.50  5.17432e-04
5865.00  5.16222e-04
5865.50  5.15320e-04
5866.00  5.14858e-04
5866.50  5.14934e-04
5867.00  5.15594e-04
5867.50  5.16835e-04
5868.00  5.18605e-04
5868.50  5.20808e-04
5869.00  5.23319e-04
5869.50  5.25992e-04
5870.00  5.28678e-04
5870.50  5.31238e-04
5871.00  5.33549e-04
5871.50  5.35520e-04
5872.00  5.37087e-04
5872.50  5.38208e-04
5873.00  5.38878e-04
5873.50  5.39111e-04
5874.00  5.38940e-04
5874.50  5.38406e-04
5875.00  5.37567e-04
5875.50  5.36481e-04
5876.00  5.35211e-04
5876.50  5.33827e-04
5877.00  5.32394e-04
5877.50  5.30975e-04
5878.00  5.29625e-04
5878.50  5.28390e-04
5879.00  5.27303e-04
5879.50  5.26380e-04
5880.00  5.25615e-04
5880.50  5.24981e-04
5881.00  5.24432e-04
5881.50  5.23898e-04
5882.00  5.23298e-04
5882.50  5.22547e-04
5883.00  5.21551e-04
5883.50  5.20226e-04
5884.00  5.18502e-04
5884.50  5.16332e-04
5885.00  5.13698e-04
5885.50  5.10618e-04
5886.00  5.07145e-04
5886.50  5.03371e-04
5887.00  4.99419e-04
5887.50  4.95432e-04
5888.00  4.91568e-04
5888.50  4.87979e-04
5889.00  4.84800e-04
5889.50  4.82136e-04
5890.00  4.80049e-04
5890.50  4.78558e-04
5891.00  4.77634e-04
5891.50  4.77212e-04
5892.00  4.77205e-04
5892.50  4.77507e-04
5893.00  4.78025e-04
5893.50  4.78677e-04
5894.00  4.79410e-04
5894.50  4.80197e-04
5895.00  4.81039e-04
5895.50  4.81956e-04
5896.00  4.82977e-04
5896.50  4.84135e-04
5897.00  4.85447e-04
5897.50  4.86915e-04
5898.00  4.88518e-04
5898.50  4.90226e-04
5899.00  4.91988e-04
5899.50  4.93747e-04
5900.00  4.95446e-04
5900.50  4.97035e-04
5901.00  4.98473e-04
5901.50  4.99727e-04
5902.00  5.00779e-04
5902.50  5.01615e-04
5903.00  5.02231e-04
5903.50  5.02623e-04
5904.00  5.02790e-04
5904.50  5.02729e-04
5905.00  5.02441e-04
5905.50  5.01929e-04
5906.00  5.01206e-04
5906.50  5.00290e-04
5907.00  4.99209e-04
5907.50  4.98003e-04
5908.00  4.96721e-04
5908.50  4.95418e-04
5909.00  4.94153e-04
5909.50  4.92983e-04
5910.00  4.91960e-04
5910.50  4.91127e-04
5911.00  4.90506e-04
5911.50  4.90115e-04
5912.00  4.89956e-04
5912.50  4.90019e-04
5913.00  4.90286e-04
5913.50  4.90738e-04
5914.00  4.91358e-04
5914.50  4.92130e-04
5915.00  4.93047e-04
5915.50  4.94105e-04
5916.00  4.95306e-04
5916.50  4.96652e-04
5917.00  4.98145e-04
5917.50  4.99776e-04
5918.00  5.01535e-04
5918.50  5.03399e-04
5919.00  5.05333e-04
5919.50  5.07299e-04
5920.00  5.09253e-04
5920.50  5.11147e-04
5921.00  5.12943e-04
5921.50  5.14604e-04
5922.00  5.16105e-04
5922.50  5.17433e-04
5923.00  5.18585e-04
5923.50  5.19570e-04
5924.00  5.20401e-04
5924.50  5.21101e-04
5925.00  5.21689e-04
5925.50  5.22190e-04
5926.00  5.22625e-04
5926.50  5.23015e-04
5927.00  5.23367e-04
5927.50  5.23699e-04
5928.00  5.24017e-04
5928.50  5.24326e-04
5929.00  5.24628e-04
5929.50  5.24922e-04
5930.00  5.25207e-04
5930.50  5.25473e-04
5931.00  5.25713e-04
5931.50  5.25914e-04
5932.00  5.26062e-04
5932.50  5.26140e-04
5933.00  5.26131e-04
5933.50  5.26015e-04
5934.00  5.25778e-04
5934.50  5.25401e-04
5935.00  5.24881e-04
5935.50  5.24209e-04
5936.00  5.23387e-04
5936.50  5.22423e-04
5937.00  5.21329e-04
5937.50  5.20128e-04
5938.00  5.18842e-04
5938.50  5.17498e-04
5939.00  5.16122e-04
5939.50  5.14738e-04
5940.00  5.13362e-04
5940.50  5.12001e-04
5941.00  5.10656e-04
5941.50  5.09315e-04
5942.00  5.07962e-04
5942.50  5.06578e-04
5943.00  5.05145e-04
5943.50  5.03654e-04
5944.00  5.02109e-04
5944.50  5.00530e-04
5945.00  4.98959e-04
5945.50  4.97450e-04
5946.00  4.96076e-04
5946.50  4.94915e-04
5947.00  4.94045e-04
5947.50  4.93537e-04
5948.00  4.93444e-04
5948.50  4.93793e-04
5949.00  4.94587e-04
5949.50  4.95799e-04
5950.00  4.97375e-04
5950.50  4.99242e-04
5951.00  5.01312e-04
5951.50  5.03489e-04
5952.00  5.05680e-04
5952.50  5.07802e-04
5953.00  5.09781e-04
5953.50  5.11563e-04
5954.00  5.13110e-04
5954.50  5.14402e-04
5955.00  5.15436e-04
5955.50  5.16218e-04
5956.00  5.16766e-04
5956.50  5.17103e-04
5957.00  5.17256e-04
5957.50  5.17249e-04
5958.00  5.17104e-04
5958.50  5.16838e-04
5959.00  5.16468e-04
5959.50  5.16000e-04
5960.00  5.15443e-04
5960.50  5.14803e-04
5961.00  5.14090e-04
5961.50  5.13316e-04
5962.00  5.12503e-04
5962.50  5.11676e-04
5963.00  5.10874e-04
5963.50  5.10132e-04
5964.00  5.09495e-04
5964.50  5.09003e-04
5965.00  5.08694e-04
5965.50  5.08594e-04
5966.00  5.08713e-04
5966.50  5.09049e-04
5967.00  5.09582e-04
5967.50  5.10278e-04
5968.00  5.11090e-04
5968.50  5.11964e-04
5969.00  5.12842e-04
5969.50  5.13666e-04
5970.00  5.14382e-04
5970.50  5.14942e-04
5971.00  5.15310e-04
5971.50  5.15456e-04
5972.00  5.15363e-04
5972.50  5.15024e-04
5973.00  5.14440e-04
5973.50  5.13630e-04
5974.00  5.12621e-04
5974.50  5.11449e-04
5975.00  5.10167e-04
5975.50  5.08833e-04
5976.00  5.07516e-04
5976.50  5.06282e-04
5977.00  5.05199e-04
5977.50  5.04324e-04
5978.00  5.03697e-04
5978.50  5.03342e-04
5979.00  5.03257e-04
5979.50  5.03414e-04
5980.00  5.03768e-04
5980.50  5.04252e-04
5981.00  5.04787e-04
5981.50  5.05293e-04
5982.00  5.05693e-04
5982.50  5.05922e-04
5983.00  5.05933e-04
5983.50  5.05703e-04
5984.00  5.05229e-04
5984.50  5.04535e-04
5985.00  5.03661e-04
5985.50  5.02665e-04
5986.00  5.01613e-04
5986.50  5.00569e-04
5987.00  4.99596e-04
5987.50  4.98744e-04
5988.00  4.98050e-04
5988.50  4.97532e-04
5989.00  4.97187e-04
5989.50  4.97006e-04
5990.00  4.96959e-04
5990.50  4.97009e-04
5991.00  4.97112e-04
5991.50  4.97222e-04
5992.00  4.97303e-04
5992.50  4.97319e-04
5993.00  4.97248e-04
5993.50  4.97072e-04
5994.00  4.96782e-04
5994.50  4.96381e-04
5995.00  4.95880e-04
5995.50  4.95281e-04
5996.00  4.94589e-04
5996.50  4.93804e-04
5997.00  4.92921e-04
5997.50  4.91927e-04
5998.00  4.90805e-04
5998.50  4.89538e-04
5999.00  4.88111e-04
5999.50  4.86512e-04
6000.00  4.84748e-04
6000.50  4.82831e-04
6001.00  4.80791e-04
6001.50  4.78669e-04
6002.00  4.76514e-04
6002.50  4.74385e-04
6003.00  4.72345e-04
6003.50  4.70453e-04
6004.00  4.68765e-04
6004.50  4.67332e-04
6005.00  4.66194e-04
6005.50  4.65384e-04
6006.00  4.64921e-04
6006.50  4.64816e-04
6007.00  4.65065e-04
6007.50  4.65651e-04
6008.00  4.66544e-04
6008.50  4.67700e-04
6009.00  4.69068e-04
6009.50  4.70589e-04
6010.00  4.72204e-04
6010.50  4.73869e-04
6011.00  4.75541e-04
6011.50  4.77196e-04
6012.00  4.78826e-04
6012.50  4.80438e-04
6013.00  4.82045e-04
6013.50  4.83675e-04
6014.00  4.85344e-04
6014.50  4.87063e-04
6015.00  4.88830e-04
6015.50  4.90626e-04
6016.00  4.92415e-04
6016.50  4.94144e-04
6017.00  4.95748e-04
6017.50  4.97159e-04
6018.00  4.98299e-04
6018.50  4.99108e-04
6019.00  4.99534e-04
6019.50  4.99546e-04
6020.00  4.99134e-04
6020.50  4.98316e-04
6021.00  4.97139e-04
6021.50  4.95675e-04
6022.00  4.94019e-04
6022.50  4.92282e-04
6023.00  4.90581e-04
6023.50  4.89034e-04
6024.00  4.87755e-04
6024.50  4.86835e-04
6025.00  4.86344e-04
6025.50  4.86320e-04
6026.00  4.86773e-04
6026.50  4.87681e-04
6027.00  4.88993e-04
6027.50  4.90634e-04
6028.00  4.92517e-04
6028.50  4.94538e-04
6029.00  4.96601e-04
6029.50  4.98611e-04
6030.00  5.00489e-04
6030.50  5.02170e-04
6031.00  5.03614e-04
6031.50  5.04801e-04
6032.00  5.05730e-04
6032.50  5.06420e-04
6033.00  5.06902e-04
6033.50  5.07213e-04
6034.00  5.07396e-04
6034.50  5.07488e-04
6035.00  5.07521e-04
6035.50  5.07517e-04
6036.00  5.07488e-04
6036.50  5.07437e-04
6037.00  5.07359e-04
6037.50  5.07246e-04
6038.00  5.07086e-04
6038.50  5.06875e-04
6039.00  5.06604e-04
6039.50  5.06281e-04
6040.00  5.05915e-04
6040.50  5.05522e-04
6041.00  5.05123e-04
6041.50  5.04741e-04
6042.00  5.04389e-04
6042.50  5.04095e-04
6043.00  5.03876e-04
6043.50  5.03744e-04
6044.00  5.03712e-04
6044.50  5.03789e-04
6045.00  5.03982e-04
6045.50  5.04295e-04
6046.00  5.04725e-04
6046.50  5.05264e-04
6047.00  5.05893e-04
6047.50  5.06580e-04
6048.00  5.07280e-04
6048.50  5.07935e-04
6049.00  5.08477e-04
6049.50  5.08836e-04
6050.00  5.08943e-04
6050.50  5.08740e-04
6051.00  5.08189e-04
6051.50  5.07271e-04
6052.00  5.06012e-04
6052.50  5.04459e-04
6053.00  5.02691e-04
6053.50  5.00812e-04
6054.00  4.98938e-04
6054.50  4.97190e-04
6055.00  4.95681e-04
6055.50  4.94503e-04
6056.00  4.93718e-04
6056.50  4.93353e-04
6057.00  4.93396e-04
6057.50  4.93802e-04
6058.00  4.94493e-04
6058.50  4.95373e-04
6059.00  4.96331e-04
6059.50  4.97259e-04
6060.00  4.98064e-04
6060.50  4.98673e-04
6061.00  4.99044e-04
6061.50  4.99172e-04
6062.00  4.99086e-04
6062.50  4.98843e-04
6063.00  4.98534e-04
6063.50  4.98261e-04
6064.00  4.98136e-04
6064.50  4.98256e-04
6065.00  4.98708e-04
6065.50  4.99556e-04
6066.00  5.00821e-04
6066.50  5.02494e-04
6067.00  5.04528e-04
6067.50  5.06842e-04
6068.00  5.09335e-04
6068.50  5.11885e-04
6069.00  5.14360e-04
6069.50  5.16629e-04
6070.00  5.18565e-04
6070.50  5.20055e-04
6071.00  5.20989e-04
6071.50  5.21287e-04
6072.00  5.20882e-04
6072.50  5.19730e-04
6073.00  5.17816e-04
6073.50  5.15154e-04
6074.00  5.11794e-04
6074.50  5.07825e-04
6075.00  5.03377e-04
6075.50  4.98619e-04
6076.00  4.93752e-04
6076.50  4.89001e-04
6077.00  4.84600e-04
6077.50  4.80777e-04
6078.00  4.77731e-04
6078.50  4.75623e-04
6079.00  4.74556e-04
6079.50  4.74571e-04
6080.00  4.75642e-04
6080.50  4.77674e-04
6081.00  4.80529e-04
6081.50  4.84025e-04
6082.00  4.87959e-04
6082.50  4.92125e-04
6083.00  4.96327e-04
6083.50  5.00394e-04
6084.00  5.04193e-04
6084.50  5.07624e-04
6085.00  5.10632e-04
6085.50  5.13198e-04
6086.00  5.15334e-04
6086.50  5.17080e-04
6087.00  5.18491e-04
6087.50  5.19633e-04
6088.00  5.20576e-04
6088.50  5.21385e-04
6089.00  5.22120e-04
6089.50  5.22832e-04
6090.00  5.23555e-04
6090.50  5.24318e-04
6091.00  5.25130e-04
6091.50  5.25993e-04
6092.00  5.26895e-04
6092.50  5.27819e-04
6093.00  5.28741e-04
6093.50  5.29628e-04
6094.00  5.30444e-04
6094.50  5.31162e-04
6095.00  5.31745e-04
6095.50  5.32164e-04
6096.00  5.32392e-04
6096.50  5.32404e-04
6097.00  5.32185e-04
6097.50  5.31724e-04
6098.00  5.31019e-04
6098.50  5.30076e-04
6099.00  5.28909e-04
6099.50  5.27546e-04
6100.00  5.26022e-04
6100.50  5.24384e-04
6101.00  5.22689e-04
6101.50  5.21000e-04
6102.00  5.19385e-04
6102.50  5.17911e-04
6103.00  5.16642e-04
6103.50  5.15633e-04
6104.00  5.14926e-04
6104.50  5.14541e-04
6105.00  5.14481e-04
6105.50  5.14726e-04
6106.00  5.15240e-04
6106.50  5.15970e-04
6107.00  5.16847e-04
6107.50  5.17802e-04
6108.00  5.18765e-04
6108.50  5.19671e-04
6109.00  5.20466e-04
6109.50  5.21106e-04
6110.00  5.21562e-04
6110.50  5.21817e-04
6111.00  5.21859e-04
6111.50  5.21688e-04
6112.00  5.21305e-04
6112.50  5.20709e-04
6113.00  5.19902e-04
6113.50  5.18884e-04
6114.00  5.17655e-04
6114.50  5.16222e-04
6115.00  5.14590e-04
6115.50  5.12782e-04
6116.00  5.10823e-04
6116.50  5.08752e-04
6117.00  5.06616e-04
6117.50  5.04467e-04
6118.00  5.02364e-04
6118.50  5.00364e-04
6119.00  4.98517e-04
6119.50  4.96869e-04
6120.00  4.95450e-04
6120.50  4.94280e-04
6121.00  4.93368e-04
6121.50  4.92708e-04
6122.00  4.92286e-04
6122.50  4.92081e-04
6123.00  4.92068e-04
6123.50  4.92221e-04
6124.00  4.92519e-04
6124.50  4.92937e-04
6125.00  4.93453e-04
6125.50  4.94051e-04
6126.00  4.94709e-04
6126.50  4.95407e-04
6127.00  4.96121e-04
6127.50  4.96818e-04
6128.00  4.97456e-04
6128.50  4.97981e-04
6129.00  4.98334e-04
6129.50  4.98442e-04
6130.00  4.98227e-04
6130.50  4.97617e-04
6131.00  4.96543e-04
6131.50  4.94966e-04
6132.00  4.92868e-04
6132.50  4.90272e-04
6133.00  4.87243e-04
6133.50  4.83889e-04
6134.00  4.80359e-04
6134.50  4.76825e-04
6135.00  4.73480e-04
6135.50  4.70511e-04
6136.00  4.68082e-04
6136.50  4.66323e-04
6137.00  4.65310e-04
6137.50  4.65064e-04
6138.00  4.65550e-04
6138.50  4.66682e-04
6139.00  4.68341e-04
6139.50  4.70392e-04
6140.00  4.72692e-04
6140.50  4.75125e-04
6141.00  4.77601e-04
6141.50  4.80065e-04
6142.00  4.82497e-04
6142.50  4.84915e-04
6143.00  4.87354e-04
6143.50  4.89861e-04
6144.00  4.92476e-04
6144.50  4.95232e-04
6145.00  4.98135e-04
6145.50  5.01167e-04
6146.00  5.04281e-04
6146.50  5.07405e-04
6147.00  5.10452e-04
6147.50  5.13325e-04
6148.00  5.15926e-04
6148.50  5.18166e-04
6149.00  5.19968e-04
6149.50  5.21274e-04
6150.00  5.22058e-04
6150.50  5.22309e-04
6151.00  5.22049e-04
6151.50  5.21317e-04
6152.00  5.20170e-04
6152.50  5.18679e-04
6153.00  5.16935e-04
6153.50  5.15020e-04
6154.00  5.13018e-04
6154.50  5.10999e-04
6155.00  5.09017e-04
6155.50  5.07106e-04
6156.00  5.05283e-04
6156.50  5.03527e-04
6157.00  5.01808e-04
6157.50  5.00064e-04
6158.00  4.98227e-04
6158.50  4.96221e-04
6159.00  4.93969e-04
6159.50  4.91406e-04
6160.00  4.88474e-04
6160.50  4.85141e-04
6161.00  4.81390e-04
6161.50  4.77228e-04
6162.00  4.72680e-04
6162.50  4.67788e-04
6163.00  4.62610e-04
6163.50  4.57218e-04
6164.00  4.51697e-04
6164.50  4.46146e-04
6165.00  4.40682e-04
6165.50  4.35437e-04
6166.00  4.30559e-04
6166.50  4.26215e-04
6167.00  4.22579e-04
6167.50  4.19822e-04
6168.00  4.18107e-04
6168.50  4.17567e-04
6169.00  4.18296e-04
6169.50  4.20329e-04
6170.00  4.23642e-04
6170.50  4.28141e-04
6171.00  4.33666e-04
6171.50  4.40004e-04
6172.00  4.46900e-04
6172.50  4.54080e-04
6173.00  4.61264e-04
6173.50  4.68196e-04
6174.00  4.74648e-04
6174.50  4.80448e-04
6175.00  4.85475e-04
6175.50  4.89664e-04
6176.00  4.93005e-04
6176.50  4.95533e-04
6177.00  4.97317e-04
6177.50  4.98449e-04
6178.00  4.99044e-04
6178.50  4.99206e-04
6179.00  4.99037e-04
6179.50  4.98621e-04
6180.00  4.98021e-04
6180.50  4.97271e-04
6181.00  4.96381e-04
6181.50  4.95331e-04
6182.00  4.94086e-04
6182.50  4.92598e-04
6183.00  4.90810e-04
6183.50  4.88676e-04
6184.00  4.86158e-04
6184.50  4.83242e-04
6185.00  4.79953e-04
6185.50  4.76335e-04
6186.00  4.72477e-04
6186.50  4.68490e-04
6187.00  4.64509e-04
6187.50  4.60679e-04
6188.00  4.57148e-04
6188.50  4.54052e-04
6189.00  4.51507e-04
6189.50  4.49603e-04
6190.00  4.48394e-04
6190.50  4.47902e-04
6191.00  4.48112e-04
6191.50  4.48981e-04
6192.00  4.50438e-04
6192.50  4.52397e-04
6193.00  4.54760e-04
6193.50  4.57423e-04
6194.00  4.60290e-04
6194.50  4.63265e-04
6195.00  4.66271e-04
6195.50  4.69241e-04
6196.00  4.72122e-04
6196.50  4.74872e-04
6197.00  4.77462e-04
6197.50  4.79869e-04
6198.00  4.82079e-04
6198.50  4.84077e-04
6199.00  4.85852e-04
6199.50  4.87390e-04
6200.00  4.88685e-04
6200.50  4.89723e-04
6201.00  4.90494e-04
