6001.50  4.78667e-04
5994.50  4.96383e-04
5995.00  4.95881e-04
5995.50  4.95282e-04
5996.00  4.94590e-04
5996.50  4.93805e-04
5997.00  4.92922e-04
5997.50  4.91927e-04
5998.00  4.90805e-04
5998.50  4.89537e-04
5999.00  4.88110e-04
5999.50  4.86511e-04
6000.00  4.84747e-04
6000.50  4.82830e-04
6001.00  4.80789e-04
6001.50  4.78667e-04
6002.00  4.76512e-04
6002.50  4.74383e-04
6003.00  4.72343e-04
6003.50  4.70450e-04
6004.00  4.68762e-04
6004.50  4.67329e-04
6005.00  4.66190e-04
6005.50  4.65380e-04
6006.00  4.64917e-04
6006.50  4.64812e-04
6007.00  4.65061e-04
6007.50  4.65647e-04
6008.00  4.66540e-04
6008.50  4.67696e-04
6009.00  4.69063e-04
6009.50  4.70584e-04
6010.00  4.72199e-04
6010.50  4.73864e-04
6011.00  4.75535e-04
6011.50  4.77190e-04
6012.00  4.78820e-04
6012.50  4.80432e-04
6013.00  4.82040e-04
6013.50  4.83669e-04
6014.00  4.85338e-04
6014.50  4.87057e-04
6015.00  4.88824e-04
6015.50  4.90621e-04
6016.00  4.92410e-04
6016.50  4.94139e-04
6017.00  4.95743e-04
6017.50  4.97154e-04
6018.00  4.98295e-04
6018.50  4.99104e-04
6019.00  4.99531e-04
6019.50  4.99543e-04
6020.00  4.99132e-04
6020.50  4.98314e-04
6021.00  4.97137e-04
6021.50  4.95674e-04
6022.00  4.94018e-04
6022.50  4.92282e-04
6023.00  4.90582e-04
6023.50  4.89035e-04
6024.00  4.87756e-04
6024.50  4.86837e-04
6025.00  4.86346e-04
6025.50  4.86323e-04
6026.00  4.86777e-04
6026.50  4.87685e-04
6027.00  4.88997e-04
6027.50  4.90639e-04
6028.00  4.92522e-04
6028.50  4.94544e-04
6029.00  4.96607e-04
6029.50  4.98617e-04
6030.00  5.00495e-04
6030.50  5.02176e-04
6031.00  5.03621e-04
6031.50  5.04807e-04
6032.00  5.05736e-04
6032.50  5.06426e-04
6033.00  5.06909e-04
6033.50  5.07219e-04
6034.00  5.07402e-04
6034.50  5.07494e-04
6035.00  5.07527e-04
6035.50  5.07523e-04
6036.00  5.07493e-04
6036.50  5.07442e-04
6037.00  5.07364e-04
6037.50  5.07250e-04
6038.00  5.07090e-04
6038.50  5.06879e-04
6039.00  5.06608e-04
6039.50  5.06284e-04
6040.00  5.05918e-04
6040.50  5.05525e-04
6041.00  5.05126e-04
6041.50  5.04744e-04
6042.00  5.04391e-04
6042.50  5.04098e-04
6043.00  5.03878e-04
6043.50  5.03746e-04
6044.00  5.03714e-04
6044.50  5.03790e-04
6045.00  5.03983e-04
6045.50  5.04295e-04
6046.00  5.04726e-04
6046.50  5.05265e-04
6047.00  5.05893e-04
6047.50  5.06580e-04
6048.00  5.07279e-04
6048.50  5.07935e-04
6049.00  5.08477e-04
6049.50  5.08835e-04
6050.00  5.08942e-04
6050.50  5.08739e-04
6051.00  5.08187e-04
6051.50  5.07269e-04
6052.00  5.06010e-04
6052.50  5.04457e-04
6053.00  5.02689e-04
6053.50  5.00809e-04
6054.00  4.98935e-04
6054.50  4.97187e-04
6055.00  4.95678e-04
6055.50  4.94499e-04
6056.00  4.93714e-04
6056.50  4.93349e-04
6057.00  4.93392e-04
6057.50  4.93797e-04
6058.00  4.94489e-04
6058.50  4.95368e-04
6059.00  4.96326e-04
6059.50  4.97254e-04
6060.00  4.98058e-04
6060.50  4.98667e-04
6061.00  4.99038e-04
6061.50  4.99166e-04
6062.00  4.99080e-04
6062.50  4.98837e-04
6063.00  4.98528e-04
6063.50  4.98255e-04
6064.00  4.98130e-04
6064.50  4.98250e-04
6065.00  4.98703e-04
6065.50  4.99551e-04
6066.00  5.00816e-04
6066.50  5.02489e-04
6067.00  5.04523e-04
6067.50  5.06837e-04
6068.00  5.09331e-04
6068.50  5.11881e-04
6069.00  5.14356e-04
6069.50  5.16626e-04
6070.00  5.18563e-04
6070.50  5.20053e-04
6071.00  5.20988e-04
6071.50  5.21286e-04
6072.00  5.20881e-04
6072.50  5.19730e-04
6073.00  5.17816e-04
6073.50  5.15155e-04
6074.00  5.11795e-04
6074.50  5.07826e-04
6075.00  5.03379e-04
6075.50  4.98622e-04
6076.00  4.93755e-04
6076.50  4.89004e-04
6077.00  4.84604e-04
6077.50  4.80781e-04
6078.00  4.77736e-04
6078.50  4.75627e-04
6079.00  4.74561e-04
6079.50  4.74576e-04
6080.00  4.75648e-04
6080.50  4.77680e-04
6081.00  4.80534e-04
6081.50  4.84031e-04
6082.00  4.87965e-04
6082.50  4.92131e-04
6083.00  4.96333e-04
6083.50  5.00400e-04
6084.00  5.04198e-04
6084.50  5.07629e-04
6085.00  5.10637e-04
6085.50  5.13203e-04
6086.00  5.15339e-04
6086.50  5.17085e-04
6087.00  5.18496e-04
6087.50  5.19637e-04
6088.00  5.20580e-04
6088.50  5.21389e-04
6089.00  5.22124e-04
6089.50  5.22835e-04
6090.00  5.23559e-04
6090.50  5.24321e-04
6091.00  5.25133e-04
6091.50  5.25995e-04
6092.00  5.26898e-04
6092.50  5.27821e-04
6093.00  5.28743e-04
6093.50  5.29629e-04
6094.00  5.30446e-04
6094.50  5.31163e-04
6095.00  5.31746e-04
6095.50  5.32165e-04
6096.00  5.32392e-04
6096.50  5.32404e-04
6097.00  5.32185e-04
6097.50  5.31724e-04
6098.00  5.31019e-04
6098.50  5.30075e-04
6099.00  5.28908e-04
6099.50  5.27545e-04
6100.00  5.26020e-04
6100.50  5.24383e-04
6101.00  5.22687e-04
6101.50  5.20998e-04
6102.00  5.19382e-04
6102.50  5.17908e-04
6103.00  5.16639e-04
6103.50  5.15630e-04
6104.00  5.14922e-04
6104.50  5.14537e-04
6105.00  5.14478e-04
6105.50  5.14722e-04
6106.00  5.15236e-04
6106.50  5.15966e-04
6107.00  5.16842e-04
6107.50  5.17797e-04
6108.00  5.18760e-04
6108.50  5.19666e-04
6109.00  5.20461e-04
6109.50  5.21100e-04
6110.00  5.21557e-04
6110.50  5.21811e-04
6111.00  5.21853e-04
6111.50  5.21682e-04
6112.00  5.21298e-04
6112.50  5.20702e-04
6113.00  5.19896e-04
6113.50  5.18878e-04
6114.00  5.17649e-04
6114.50  5.16216e-04
6115.00  5.14584e-04
6115.50  5.12776e-04
6116.00  5.10817e-04
6116.50  5.08747e-04
6117.00  5.06611e-04
6117.50  5.04462e-04
6118.00  5.02360e-04
6118.50  5.00360e-04
6119.00  4.98514e-04
6119.50  4.96866e-04
6120.00  4.95447e-04
6120.50  4.94278e-04
6121.00  4.93366e-04
6121.50  4.92706e-04
6122.00  4.92285e-04
6122.50  4.92081e-04
6123.00  4.92068e-04
6123.50  4.92221e-04
6124.00  4.92520e-04
6124.50  4.92938e-04
6125.00  4.93455e-04
6125.50  4.94053e-04
6126.00  4.94712e-04
6126.50  4.95410e-04
6127.00  4.96124e-04
6127.50  4.96822e-04
6128.00  4.97461e-04
6128.50  4.97986e-04
6129.00  4.98339e-04
6129.50  4.98447e-04
6130.00  4.98233e-04
6130.50  4.97623e-04
6131.00  4.96549e-04
6131.50  4.94972e-04
6132.00  4.92873e-04
6132.50  4.90277e-04
6133.00  4.87249e-04
6133.50  4.83895e-04
6134.00  4.80365e-04
6134.50  4.76830e-04
6135.00  4.73484e-04
6135.50  4.70515e-04
6136.00  4.68086e-04
6136.50  4.66327e-04
6137.00  4.65314e-04
6137.50  4.65068e-04
6138.00  4.65554e-04
6138.50  4.66686e-04
6139.00  4.68345e-04
6139.50  4.70395e-04
6140.00  4.72695e-04
6140.50  4.75128e-04
6141.00  4.77604e-04
6141.50  4.80067e-04
6142.00  4.82499e-04
6142.50  4.84917e-04
6143.00  4.87355e-04
6143.50  4.89862e-04
6144.00  4.92477e-04
6144.50  4.95233e-04
6145.00  4.98136e-04
6145.50  5.01167e-04
6146.00  5.04281e-04
6146.50  5.07405e-04
6147.00  5.10452e-04
6147.50  5.13325e-04
6148.00  5.15926e-04
6148.50  5.18165e-04
6149.00  5.19967e-04
6149.50  5.21274e-04
6150.00  5.22057e-04
6150.50  5.22308e-04
6151.00  5.22048e-04
6151.50  5.21315e-04
6152.00  5.20168e-04
6152.50  5.18677e-04
6153.00  5.16932e-04
6153.50  5.15018e-04
6154.00  5.13015e-04
6154.50  5.10996e-04
6155.00  5.09014e-04
6155.50  5.07103e-04
6156.00  5.05279e-04
6156.50  5.03523e-04
6157.00  5.01804e-04
6157.50  5.00060e-04
6158.00  4.98222e-04
6158.50  4.96216e-04
6159.00  4.93964e-04
6159.50  4.91401e-04
6160.00  4.88469e-04
6160.50  4.85136e-04
6161.00  4.81385e-04
6161.50  4.77222e-04
6162.00  4.72674e-04
6162.50  4.67782e-04
6163.00  4.62605e-04
6163.50  4.57212e-04
6164.00  4.51692e-04
6164.50  4.46141e-04
6165.00  4.40677e-04
6165.50  4.35432e-04
6166.00  4.30555e-04
6166.50  4.26211e-04
6167.00  4.22575e-04
6167.50  4.19818e-04
6168.00  4.18104e-04
6168.50  4.17564e-04
6169.00  4.18293e-04
6169.50  4.20327e-04
6170.00  4.23640e-04
6170.50  4.28140e-04
6171.00  4.33665e-04
6171.50  4.40003e-04
6172.00  4.46900e-04
6172.50  4.54080e-04
6173.00  4.61265e-04
6173.50  4.68197e-04
6174.00  4.74649e-04
6174.50  4.80451e-04
6175.00  4.85477e-04
6175.50  4.89667e-04
6176.00  4.93009e-04
6176.50  4.95537e-04
6177.00  4.97321e-04
6177.50  4.98453e-04
6178.00  4.99049e-04
6178.50  4.99211e-04
6179.00  4.99042e-04
6179.50  4.98627e-04
6180.00  4.98026e-04
6180.50  4.97276e-04
6181.00  4.96387e-04
6181.50  4.95336e-04
6182.00  4.94092e-04
6182.50  4.92604e-04
6183.00  4.90816e-04
6183.50  4.88682e-04
6184.00  4.86164e-04
6184.50  4.83247e-04
6185.00  4.79958e-04
6185.50  4.76340e-04
6186.00  4.72481e-04
6186.50  4.68494e-04
6187.00  4.64513e-04
6187.50  4.60683e-04
6188.00  4.57152e-04
6188.50  4.54055e-04
6189.00  4.51510e-04
6189.50  4.49606e-04
6190.00  4.48397e-04
6190.50  4.47905e-04
6191.00  4.48115e-04
6191.50  4.48983e-04
6192.00  4.50441e-04
6192.50  4.52399e-04
6193.00  4.54762e-04
6193.50  4.57425e-04
6194.00  4.60291e-04
6194.50  4.63266e-04
6195.00  4.66273e-04
6195.50  4.69242e-04
6196.00  4.72123e-04
6196.50  4.74873e-04
6197.00  4.77462e-04
6197.50  4.79870e-04
6198.00  4.82079e-04
6198.50  4.84077e-04
6199.00  4.85852e-04
6199.50  4.87390e-04
6200.00  4.88684e-04
6200.50  4.89722e-04
6201.00  4.90493e-04
6201.50  4.90992e-04
6202.00  4.91216e-04
6202.50  4.91168e-04
6203.00  4.90852e-04
6203.50  4.90286e-04
6204.00  4.89487e-04
6204.50  4.88477e-04
6205.00  4.87282e-04
6205.50  4.85925e-04
6206.00  4.84432e-04
6206.50  4.82814e-04
6207.00  4.81092e-04
6207.50  4.79275e-04
6208.00  4.77370e-04
6208.50  4.75382e-04
6209.00  4.73321e-04
6209.50  4.71201e-04
6210.00  4.69044e-04
6210.50  4.66884e-04
6211.00  4.64767e-04
6211.50  4.62749e-04
6212.00  4.60888e-04
6212.50  4.59242e-04
6213.00  4.57861e-04
6213.50  4.56778e-04
6214.00  4.56005e-04
6214.50  4.55527e-04
6215.00  4.55307e-04
6215.50  4.55279e-04
6216.00  4.55367e-04
6216.50  4.55482e-04
6217.00  4.55538e-04
6217.50  4.55464e-04
6218.00  4.55204e-04
6218.50  4.54730e-04
6219.00  4.54042e-04
6219.50  4.53167e-04
6220.00  4.52159e-04
6220.50  4.51089e-04
6221.00  4.50044e-04
6221.50  4.49114e-04
6222.00  4.48386e-04
6222.50  4.47937e-04
6223.00  4.47827e-04
6223.50  4.48091e-04
6224.00  4.48741e-04
6224.50  4.49758e-04
6225.00  4.51099e-04
6225.50  4.52694e-04
6226.00  4.54456e-04
6226.50  4.56285e-04
6227.00  4.58082e-04
6227.50  4.59750e-04
6228.00  4.61210e-04
6228.50  4.62398e-04
6229.00  4.63283e-04
6229.50  4.63859e-04
6230.00  4.64144e-04
6230.50  4.64179e-04
6231.00  4.64028e-04
6231.50  4.63762e-04
6232.00  4.63452e-04
6232.50  4.63168e-04
6233.00  4.62970e-04
6233.50  4.62894e-04
6234.00  4.62968e-04
6234.50  4.63189e-04
6235.00  4.63538e-04
6235.50  4.63972e-04
6236.00  4.64441e-04
6236.50  4.64880e-04
6237.00  4.65221e-04
6237.50  4.65395e-04
6238.00  4.65342e-04
6238.50  4.65006e-04
6239.00  4.64352e-04
6239.50  4.63356e-04
6240.00  4.62014e-04
6240.50  4.60340e-04
6241.00  4.58364e-04
6241.50  4.56133e-04
6242.00  4.53708e-04
6242.50  4.51158e-04
6243.00  4.48561e-04
6243.50  4.45991e-04
6244.00  4.43523e-04
6244.50  4.41222e-04
6245.00  4.39140e-04
6245.50  4.37316e-04
6246.00  4.35771e-04
6246.50  4.34515e-04
6247.00  4.33545e-04
6247.50  4.32845e-04
6248.00  4.32404e-04
6248.50  4.32202e-04
6249.00  4.32227e-04
6249.50  4.32468e-04
6250.00  4.32923e-04
6250.50  4.33593e-04
6251.00  4.34476e-04
6251.50  4.35570e-04
6252.00  4.36859e-04
6252.50  4.38319e-04
6253.00  4.39909e-04
6253.50  4.41572e-04
6254.00  4.43242e-04
6254.50  4.44844e-04
6255.00  4.46304e-04
6255.50  4.47557e-04
6256.00  4.48552e-04
6256.50  4.49263e-04
6257.00  4.49686e-04
6257.50  4.49842e-04
6258.00  4.49776e-04
6258.50  4.49551e-04
6259.00  4.49242e-04
6259.50  4.48920e-04
6260.00  4.48660e-04
6260.50  4.48521e-04
6261.00  4.48547e-04
6261.50  4.48761e-04
6262.00  4.49173e-04
6262.50  4.49766e-04
6263.00  4.50518e-04
6263.50  4.51395e-04
6264.00  4.52357e-04
6264.50  4.53363e-04
6265.00  4.54376e-04
6265.50  4.55367e-04
6266.00  4.56310e-04
6266.50  4.57187e-04
6267.00  4.57992e-04
6267.50  4.58711e-04
6268.00  4.59349e-04
6268.50  4.59905e-04
6269.00  4.60381e-04
6269.50  4.60778e-04
6270.00  4.61098e-04
6270.50  4.61341e-04
6271.00  4.61508e-04
6271.50  4.61599e-04
6272.00  4.61615e-04
6272.50  4.61560e-04
6273.00  4.61439e-04
6273.50  4.61262e-04
6274.00  4.61041e-04
6274.50  4.60791e-04
6275.00  4.60534e-04
6275.50  4.60293e-04
6276.00  4.60096e-04
6276.50  4.59968e-04
6277.00  4.59939e-04
6277.50  4.60041e-04
6278.00  4.60295e-04
6278.50  4.60720e-04
6279.00  4.61322e-04
6279.50  4.62099e-04
6280.00  4.63034e-04
6280.50  4.64097e-04
6281.00  4.65245e-04
6281.50  4.66424e-04
6282.00  4.67573e-04
6282.50  4.68627e-04
6283.00  4.69522e-04
6283.50  4.70200e-04
6284.00  4.70609e-04
6284.50  4.70716e-04
6285.00  4.70497e-04
6285.50  4.69949e-04
6286.00  4.69089e-04
6286.50  4.67948e-04
6287.00  4.66576e-04
6287.50  4.65032e-04
6288.00  4.63396e-04
6288.50  4.61743e-04
6289.00  4.60157e-04
6289.50  4.58710e-04
6290.00  4.57465e-04
6290.50  4.56466e-04
6291.00  4.55737e-04
6291.50  4.55275e-04
6292.00  4.55056e-04
6292.50  4.55029e-04
6293.00  4.55128e-04
6293.50  4.55270e-04
6294.00  4.55367e-04
6294.50  4.55329e-04
6295.00  4.55076e-04
6295.50  4.54536e-04
6296.00  4.53658e-04
6296.50  4.52417e-04
6297.00  4.50811e-04
6297.50  4.48869e-04
6298.00  4.46657e-04
6298.50  4.44265e-04
6299.00  4.41811e-04
6299.50  4.39432e-04
6300.00  4.37274e-04
6300.50  4.35482e-04
6301.00  4.34182e-04
6301.50  4.33474e-04
6302.00  4.33418e-04
6302.50  4.34025e-04
6303.00  4.35259e-04
6303.50  4.37035e-04
6304.00  4.39229e-04
6304.50  4.41696e-04
6305.00  4.44275e-04
6305.50  4.46807e-04
6306.00  4.49149e-04
6306.50  4.51190e-04
6307.00  4.52855e-04
6307.50  4.54102e-04
6308.00  4.54930e-04
6308.50  4.55368e-04
6309.00  4.55470e-04
6309.50  4.55302e-04
6310.00  4.54935e-04
6310.50  4.54437e-04
6311.00  4.53863e-04
6311.50  4.53249e-04
6312.00  4.52618e-04
6312.50  4.51977e-04
6313.00  4.51323e-04
6313.50  4.50650e-04
6314.00  4.49955e-04
6314.50  4.49248e-04
6315.00  4.48553e-04
6315.50  4.47914e-04
6316.00  4.47394e-04
6316.50  4.47060e-04
6317.00  4.46998e-04
6317.50  4.47273e-04
6318.00  4.47947e-04
6318.50  4.49059e-04
6319.00  4.50615e-04
6319.50  4.52590e-04
6320.00  4.54927e-04
6320.50  4.57541e-04
6321.00  4.60331e-04
6321.50  4.63181e-04
6322.00  4.65975e-04
6322.50  4.68602e-04
6323.00  4.70966e-04
6323.50  4.72992e-04
6324.00  4.74623e-04
6324.50  4.75825e-04
6325.00  4.76588e-04
6325.50  4.76920e-04
6326.00  4.76849e-04
6326.50  4.76413e-04
6327.00  4.75668e-04
6327.50  4.74680e-04
6328.00  4.73524e-04
6328.50  4.72280e-04
6329.00  4.71031e-04
6329.50  4.69860e-04
6330.00  4.68845e-04
6330.50  4.68051e-04
6331.00  4.67531e-04
6331.50  4.67318e-04
6332.00  4.67424e-04
6332.50  4.67841e-04
6333.00  4.68533e-04
6333.50  4.69457e-04
6334.00  4.70554e-04
6334.50  4.71756e-04
6335.00  4.72999e-04
6335.50  4.74222e-04
6336.00  4.75376e-04
6336.50  4.76419e-04
6337.00  4.77326e-04
6337.50  4.78081e-04
6338.00  4.78679e-04
6338.50  4.79119e-04
6339.00  4.79407e-04
6339.50  4.79547e-04
6340.00  4.79547e-04
6340.50  4.79413e-04
6341.00  4.79147e-04
6341.50  4.78757e-04
6342.00  4.78248e-04
6342.50  4.77623e-04
6343.00  4.76892e-04
6343.50  4.76060e-04
6344.00  4.75134e-04
6344.50  4.74118e-04
6345.00  4.73012e-04
6345.50  4.71811e-04
6346.00  4.70506e-04
6346.50  4.69083e-04
6347.00  4.67519e-04
6347.50  4.65799e-04
6348.00  4.63909e-04
6348.50  4.61842e-04
6349.00  4.59609e-04
6349.50  4.57235e-04
6350.00  4.54769e-04
6350.50  4.52285e-04
6351.00  4.49875e-04
6351.50  4.47652e-04
6352.00  4.45737e-04
6352.50  4.44249e-04
6353.00  4.43306e-04
6353.50  4.42996e-04
6354.00  4.43380e-04
6354.50  4.44480e-04
6355.00  4.46275e-04
6355.50  4.48697e-04
6356.00  4.51646e-04
6356.50  4.54984e-04
6357.00  4.58559e-04
6357.50  4.62204e-04
6358.00  4.65761e-04
6358.50  4.69081e-04
6359.00  4.72041e-04
6359.50  4.74544e-04
6360.00  4.76525e-04
6360.50  4.77947e-04
6361.00  4.78802e-04
6361.50  4.79107e-04
6362.00  4.78896e-04
6362.50  4.78220e-04
6363.00  4.77142e-04
6363.50  4.75729e-04
6364.00  4.74058e-04
6364.50  4.72205e-04
6365.00  4.70252e-04
6365.50  4.68279e-04
6366.00  4.66365e-04
6366.50  4.64588e-04
6367.00  4.63019e-04
6367.50  4.61724e-04
6368.00  4.60763e-04
6368.50  4.60175e-04
6369.00  4.59998e-04
6369.50  4.60253e-04
6370.00  4.60940e-04
6370.50  4.62054e-04
6371.00  4.63572e-04
6371.50  4.65460e-04
6372.00  4.67674e-04
6372.50  4.70164e-04
6373.00  4.72875e-04
6373.50  4.75749e-04
6374.00  4.78727e-04
6374.50  4.81753e-04
6375.00  4.84770e-04
6375.50  4.87722e-04
6376.00  4.90558e-04
6376.50  4.93225e-04
6377.00  4.95673e-04
6377.50  4.97856e-04
6378.00  4.99731e-04
6378.50  5.01264e-04
6379.00  5.02427e-04
6379.50  5.03200e-04
6380.00  5.03582e-04
6380.50  5.03580e-04
6381.00  5.03217e-04
6381.50  5.02521e-04
6382.00  5.01536e-04
6382.50  5.00307e-04
6383.00  4.98878e-04
6383.50  4.97290e-04
6384.00  4.95571e-04
6384.50  4.93736e-04
6385.00  4.91788e-04
6385.50  4.89711e-04
6386.00  4.87477e-04
6386.50  4.85064e-04
6387.00  4.82439e-04
6387.50  4.79586e-04
6388.00  4.76505e-04
6388.50  4.73219e-04
6389.00  4.69783e-04
6389.50  4.66277e-04
6390.00  4.62807e-04
6390.50  4.59495e-04
6391.00  4.56470e-04
6391.50  4.53853e-04
6392.00  4.51747e-04
6392.50  4.50223e-04
6393.00  4.49313e-04
6393.50  4.49007e-04
6394.00  4.49249e-04
6394.50  4.49965e-04
6395.00  4.51046e-04
6395.50  4.52381e-04
6396.00  4.53865e-04
6396.50  4.55409e-04
6397.00  4.56955e-04
6397.50  4.58473e-04
6398.00  4.59965e-04
6398.50  4.61452e-04
6399.00  4.62970e-04
6399.50  4.64554e-04
6400.00  4.66231e-04
6400.50  4.68005e-04
6401.00  4.69860e-04
6401.50  4.71758e-04
6402.00  4.73641e-04
6402.50  4.75440e-04
6403.00  4.77086e-04
6403.50  4.78523e-04
6404.00  4.79714e-04
6404.50  4.80643e-04
6405.00  4.81325e-04
6405.50  4.81794e-04
6406.00  4.82098e-04
6406.50  4.82299e-04
6407.00  4.82450e-04
6407.50  4.82583e-04
6408.00  4.82721e-04
6408.50  4.82848e-04
6409.00  4.82931e-04
6409.50  4.82911e-04
6410.00  4.82718e-04
6410.50  4.82280e-04
6411.00  4.81534e-04
6411.50  4.80438e-04
6412.00  4.78978e-04
6412.50  4.77175e-04
6413.00  4.75080e-04
6413.50  4.72775e-04
6414.00  4.70366e-04
6414.50  4.67975e-04
6415.00  4.65723e-04
6415.50  4.63735e-04
6416.00  4.62121e-04
6416.50  4.60973e-04
6417.00  4.60364e-04
6417.50  4.60343e-04
6418.00  4.60937e-04
6418.50  4.62152e-04
6419.00  4.63969e-04
6419.50  4.66350e-04
6420.00  4.69236e-04
6420.50  4.72546e-04
6421.00  4.76183e-04
6421.50  4.80036e-04
6422.00  4.83982e-04
6422.50  4.87895e-04
6423.00  4.91641e-04
6423.50  4.95106e-04
6424.00  4.98184e-04
6424.50  5.00792e-04
6425.00  5.02867e-04
6425.50  5.04382e-04
6426.00  5.05329e-04
6426.50  5.05727e-04
6427.00  5.05618e-04
6427.50  5.05059e-04
6428.00  5.04120e-04
6428.50  5.02877e-04
6429.00  5.01405e-04
6429.50  4.99779e-04
6430.00  4.98057e-04
6430.50  4.96298e-04
6431.00  4.94542e-04
6431.50  4.92819e-04
6432.00  4.91146e-04
6432.50  4.89531e-04
6433.00  4.87978e-04
6433.50  4.86486e-04
6434.00  4.85054e-04
6434.50  4.83689e-04
6435.00  4.82399e-04
6435.50  4.81209e-04
6436.00  4.80153e-04
6436.50  4.79269e-04
6437.00  4.78609e-04
6437.50  4.78221e-04
6438.00  4.78152e-04
6438.50  4.78441e-04
6439.00  4.79109e-04
6439.50  4.80164e-04
6440.00  4.81591e-04
6440.50  4.83358e-04
6441.00  4.85411e-04
6441.50  4.87689e-04
6442.00  4.90120e-04
6442.50  4.92627e-04
6443.00  4.95136e-04
6443.50  4.97576e-04
6444.00  4.99885e-04
6444.50  5.02009e-04
6445.00  5.03905e-04
6445.50  5.05536e-04
6446.00  5.06876e-04
6446.50  5.07905e-04
6447.00  5.08611e-04
6447.50  5.08988e-04
6448.00  5.09038e-04
6448.50  5.08763e-04
6449.00  5.08183e-04
6449.50  5.07320e-04
6450.00  5.06201e-04
6450.50  5.04867e-04
6451.00  5.03370e-04
6451.50  5.01768e-04
6452.00  5.00130e-04
6452.50  4.98528e-04
6453.00  4.97037e-04
6453.50  4.95730e-04
6454.00  4.94661e-04
6454.50  4.93875e-04
6455.00  4.93394e-04
6455.50  4.93214e-04
6456.00  4.93307e-04
6456.50  4.93626e-04
6457.00  4.94106e-04
6457.50  4.94679e-04
6458.00  4.95280e-04
6458.50  4.95857e-04
6459.00  4.96380e-04
6459.50  4.96842e-04
6460.00  4.97263e-04
6460.50  4.97681e-04
6461.00  4.98153e-04
6461.50  4.98736e-04
6462.00  4.99486e-04
6462.50  5.00444e-04
6463.00  5.01632e-04
6463.50  5.03050e-04
6464.00  5.04679e-04
6464.50  5.06481e-04
6465.00  5.08408e-04
6465.50  5.10408e-04
6466.00  5.12432e-04
6466.50  5.14435e-04
6467.00  5.16382e-04
