6001.50  5.55597e-04
5994.50  5.75239e-04
5995.00  5.75365e-04
5995.50  5.75385e-04
5996.00  5.75271e-04
5996.50  5.74986e-04
5997.00  5.74491e-04
5997.50  5.73739e-04
5998.00  5.72688e-04
5998.50  5.71300e-04
5999.00  5.69547e-04
5999.50  5.67411e-04
6000.00  5.64908e-04
6000.50  5.62065e-04
6001.00  5.58935e-04
6001.50  5.55597e-04
6002.00  5.52134e-04
6002.50  5.48654e-04
6003.00  5.45264e-04
6003.50  5.42071e-04
6004.00  5.39176e-04
6004.50  5.36671e-04
6005.00  5.34632e-04
6005.50  5.33121e-04
6006.00  5.32176e-04
6006.50  5.31819e-04
6007.00  5.32047e-04
6007.50  5.32835e-04
6008.00  5.34132e-04
6008.50  5.35869e-04
6009.00  5.37958e-04
6009.50  5.40307e-04
6010.00  5.42812e-04
6010.50  5.45393e-04
6011.00  5.47974e-04
6011.50  5.50503e-04
6012.00  5.52955e-04
6012.50  5.55327e-04
6013.00  5.57629e-04
6013.50  5.59896e-04
6014.00  5.62152e-04
6014.50  5.64418e-04
6015.00  5.66701e-04
6015.50  5.68987e-04
6016.00  5.71239e-04
6016.50  5.73399e-04
6017.00  5.75392e-04
6017.50  5.77135e-04
6018.00  5.78535e-04
6018.50  5.79515e-04
6019.00  5.80009e-04
6019.50  5.79978e-04
6020.00  5.79411e-04
6020.50  5.78326e-04
6021.00  5.76783e-04
6021.50  5.74871e-04
6022.00  5.72706e-04
6022.50  5.70424e-04
6023.00  5.68169e-04
6023.50  5.66083e-04
6024.00  5.64306e-04
6024.50  5.62949e-04
6025.00  5.62099e-04
6025.50  5.61808e-04
6026.00  5.62091e-04
6026.50  5.62929e-04
6027.00  5.64269e-04
6027.50  5.66030e-04
6028.00  5.68115e-04
6028.50  5.70407e-04
6029.00  5.72795e-04
6029.50  5.75172e-04
6030.00  5.77441e-04
6030.50  5.79528e-04
6031.00  5.81381e-04
6031.50  5.82971e-04
6032.00  5.84294e-04
6032.50  5.85365e-04
6033.00  5.86216e-04
6033.50  5.86880e-04
6034.00  5.87402e-04
6034.50  5.87816e-04
6035.00  5.88148e-04
6035.50  5.88414e-04
6036.00  5.88618e-04
6036.50  5.88756e-04
6037.00  5.88814e-04
6037.50  5.88781e-04
6038.00  5.88646e-04
6038.50  5.88408e-04
6039.00  5.88066e-04
6039.50  5.87642e-04
6040.00  5.87160e-04
6040.50  5.86652e-04
6041.00  5.86153e-04
6041.50  5.85698e-04
6042.00  5.85304e-04
6042.50  5.85004e-04
6043.00  5.84807e-04
6043.50  5.84720e-04
6044.00  5.84741e-04
6044.50  5.84865e-04
6045.00  5.85086e-04
6045.50  5.85393e-04
6046.00  5.85775e-04
6046.50  5.86214e-04
6047.00  5.86689e-04
6047.50  5.87168e-04
6048.00  5.87608e-04
6048.50  5.87960e-04
6049.00  5.88161e-04
6049.50  5.88150e-04
6050.00  5.87868e-04
6050.50  5.87266e-04
6051.00  5.86316e-04
6051.50  5.85008e-04
6052.00  5.83380e-04
6052.50  5.81487e-04
6053.00  5.79421e-04
6053.50  5.77296e-04
6054.00  5.75240e-04
6054.50  5.73383e-04
6055.00  5.71844e-04
6055.50  5.70720e-04
6056.00  5.70072e-04
6056.50  5.69920e-04
6057.00  5.70241e-04
6057.50  5.70969e-04
6058.00  5.72006e-04
6058.50  5.73227e-04
6059.00  5.74497e-04
6059.50  5.75682e-04
6060.00  5.76667e-04
6060.50  5.77367e-04
6061.00  5.77732e-04
6061.50  5.77757e-04
6062.00  5.77483e-04
6062.50  5.76984e-04
6063.00  5.76370e-04
6063.50  5.75771e-04
6064.00  5.75321e-04
6064.50  5.75140e-04
6065.00  5.75336e-04
6065.50  5.75983e-04
6066.00  5.77109e-04
6066.50  5.78706e-04
6067.00  5.80718e-04
6067.50  5.83055e-04
6068.00  5.85602e-04
6068.50  5.88220e-04
6069.00  5.90763e-04
6069.50  5.93083e-04
6070.00  5.95042e-04
6070.50  5.96515e-04
6071.00  5.97384e-04
6071.50  5.97562e-04
6072.00  5.96980e-04
6072.50  5.95590e-04
6073.00  5.93379e-04
6073.50  5.90361e-04
6074.00  5.86594e-04
6074.50  5.82172e-04
6075.00  5.77238e-04
6075.50  5.71973e-04
6076.00  5.66595e-04
6076.50  5.61351e-04
6077.00  5.56496e-04
6077.50  5.52278e-04
6078.00  5.48920e-04
6078.50  5.46599e-04
6079.00  5.45435e-04
6079.50  5.45473e-04
6080.00  5.46692e-04
6080.50  5.48988e-04
6081.00  5.52209e-04
6081.50  5.56157e-04
6082.00  5.60601e-04
6082.50  5.65310e-04
6083.00  5.70060e-04
6083.50  5.74654e-04
6084.00  5.78937e-04
6084.50  5.82793e-04
6085.00  5.86157e-04
6085.50  5.89007e-04
6086.00  5.91357e-04
6086.50  5.93254e-04
6087.00  5.94765e-04
6087.50  5.95970e-04
6088.00  5.96952e-04
6088.50  5.97787e-04
6089.00  5.98544e-04
6089.50  5.99278e-04
6090.00  6.00025e-04
6090.50  6.00807e-04
6091.00  6.01632e-04
6091.50  6.02489e-04
6092.00  6.03361e-04
6092.50  6.04222e-04
6093.00  6.05045e-04
6093.50  6.05795e-04
6094.00  6.06439e-04
6094.50  6.06957e-04
6095.00  6.07326e-04
6095.50  6.07532e-04
6096.00  6.07566e-04
6096.50  6.07418e-04
6097.00  6.07092e-04
6097.50  6.06589e-04
6098.00  6.05916e-04
6098.50  6.05080e-04
6099.00  6.04090e-04
6099.50  6.02961e-04
6100.00  6.01708e-04
6100.50  6.00353e-04
6101.00  5.98924e-04
6101.50  5.97454e-04
6102.00  5.95982e-04
6102.50  5.94552e-04
6103.00  5.93207e-04
6103.50  5.91998e-04
6104.00  5.90963e-04
6104.50  5.90137e-04
6105.00  5.89543e-04
6105.50  5.89190e-04
6106.00  5.89077e-04
6106.50  5.89187e-04
6107.00  5.89488e-04
6107.50  5.89940e-04
6108.00  5.90496e-04
6108.50  5.91104e-04
6109.00  5.91711e-04
6109.50  5.92262e-04
6110.00  5.92708e-04
6110.50  5.93003e-04
6111.00  5.93101e-04
6111.50  5.92968e-04
6112.00  5.92569e-04
6112.50  5.91877e-04
6113.00  5.90875e-04
6113.50  5.89552e-04
6114.00  5.87916e-04
6114.50  5.85988e-04
6115.00  5.83801e-04
6115.50  5.81413e-04
6116.00  5.78892e-04
6116.50  5.76321e-04
6117.00  5.73788e-04
6117.50  5.71381e-04
6118.00  5.69183e-04
6118.50  5.67262e-04
6119.00  5.65667e-04
6119.50  5.64422e-04
6120.00  5.63528e-04
6120.50  5.62954e-04
6121.00  5.62657e-04
6121.50  5.62572e-04
6122.00  5.62627e-04
6122.50  5.62750e-04
6123.00  5.62875e-04
6123.50  5.62956e-04
6124.00  5.62967e-04
6124.50  5.62896e-04
6125.00  5.62756e-04
6125.50  5.62575e-04
6126.00  5.62385e-04
6126.50  5.62223e-04
6127.00  5.62119e-04
6127.50  5.62084e-04
6128.00  5.62101e-04
6128.50  5.62128e-04
6129.00  5.62097e-04
6129.50  5.61910e-04
6130.00  5.61456e-04
6130.50  5.60616e-04
6131.00  5.59280e-04
6131.50  5.57372e-04
6132.00  5.54847e-04
6132.50  5.51719e-04
6133.00  5.48063e-04
6133.50  5.44010e-04
6134.00  5.39750e-04
6134.50  5.35502e-04
6135.00  5.31516e-04
6135.50  5.28035e-04
6136.00  5.25274e-04
6136.50  5.23400e-04
6137.00  5.22518e-04
6137.50  5.22660e-04
6138.00  5.23786e-04
6138.50  5.25794e-04
6139.00  5.28534e-04
6139.50  5.31830e-04
6140.00  5.35495e-04
6140.50  5.39362e-04
6141.00  5.43290e-04
6141.50  5.47177e-04
6142.00  5.50962e-04
6142.50  5.54623e-04
6143.00  5.58166e-04
6143.50  5.61620e-04
6144.00  5.65011e-04
6144.50  5.68371e-04
6145.00  5.71713e-04
6145.50  5.75033e-04
6146.00  5.78304e-04
6146.50  5.81480e-04
6147.00  5.84502e-04
6147.50  5.87303e-04
6148.00  5.89811e-04
6148.50  5.91963e-04
6149.00  5.93705e-04
6149.50  5.94996e-04
6150.00  5.95820e-04
6150.50  5.96177e-04
6151.00  5.96089e-04
6151.50  5.95592e-04
6152.00  5.94735e-04
6152.50  5.93578e-04
6153.00  5.92198e-04
6153.50  5.90660e-04
6154.00  5.89031e-04
6154.50  5.87365e-04
6155.00  5.85697e-04
6155.50  5.84049e-04
6156.00  5.82428e-04
6156.50  5.80804e-04
6157.00  5.79144e-04
6157.50  5.77386e-04
6158.00  5.75466e-04
6158.50  5.73314e-04
6159.00  5.70860e-04
6159.50  5.68047e-04
6160.00  5.64829e-04
6160.50  5.61180e-04
6161.00  5.57094e-04
6161.50  5.52584e-04
6162.00  5.47677e-04
6162.50  5.42419e-04
6163.00  5.36865e-04
6163.50  5.31083e-04
6164.00  5.25152e-04
6164.50  5.19165e-04
6165.00  5.13232e-04
6165.50  5.07483e-04
6166.00  5.02068e-04
6166.50  4.97162e-04
6167.00  4.92951e-04
6167.50  4.89630e-04
6168.00  4.87388e-04
6168.50  4.86386e-04
6169.00  4.86749e-04
6169.50  4.88539e-04
6170.00  4.91755e-04
6170.50  4.96318e-04
6171.00  5.02070e-04
6171.50  5.08795e-04
6172.00  5.16222e-04
6172.50  5.24052e-04
6173.00  5.31978e-04
6173.50  5.39707e-04
6174.00  5.46979e-04
6174.50  5.53590e-04
6175.00  5.59386e-04
6175.50  5.64282e-04
6176.00  5.68245e-04
6176.50  5.71298e-04
6177.00  5.73503e-04
6177.50  5.74945e-04
6178.00  5.75745e-04
6178.50  5.76005e-04
6179.00  5.75836e-04
6179.50  5.75329e-04
6180.00  5.74554e-04
6180.50  5.73553e-04
6181.00  5.72343e-04
6181.50  5.70908e-04
6182.00  5.69220e-04
6182.50  5.67232e-04
6183.00  5.64890e-04
6183.50  5.62151e-04
6184.00  5.58979e-04
6184.50  5.55366e-04
6185.00  5.51345e-04
6185.50  5.46975e-04
6186.00  5.42361e-04
6186.50  5.37641e-04
6187.00  5.32978e-04
6187.50  5.28551e-04
6188.00  5.24541e-04
6188.50  5.21118e-04
6189.00  5.18428e-04
6189.50  5.16584e-04
6190.00  5.15654e-04
6190.50  5.15657e-04
6191.00  5.16570e-04
6191.50  5.18323e-04
6192.00  5.20807e-04
6192.50  5.23890e-04
6193.00  5.27419e-04
6193.50  5.31237e-04
6194.00  5.35191e-04
6194.50  5.39144e-04
6195.00  5.42978e-04
6195.50  5.46605e-04
6196.00  5.49963e-04
6196.50  5.53017e-04
6197.00  5.55758e-04
6197.50  5.58195e-04
6198.00  5.60350e-04
6198.50  5.62251e-04
6199.00  5.63927e-04
6199.50  5.65402e-04
6200.00  5.66699e-04
6200.50  5.67825e-04
6201.00  5.68782e-04
6201.50  5.69564e-04
6202.00  5.70162e-04
6202.50  5.70563e-04
6203.00  5.70751e-04
6203.50  5.70721e-04
6204.00  5.70461e-04
6204.50  5.69973e-04
6205.00  5.69255e-04
6205.50  5.68310e-04
6206.00  5.67145e-04
6206.50  5.65755e-04
6207.00  5.64151e-04
6207.50  5.62335e-04
6208.00  5.60313e-04
6208.50  5.58095e-04
6209.00  5.55703e-04
6209.50  5.53167e-04
6210.00  5.50530e-04
6210.50  5.47855e-04
6211.00  5.45217e-04
6211.50  5.42700e-04
6212.00  5.40391e-04
6212.50  5.38371e-04
6213.00  5.36708e-04
6213.50  5.35445e-04
6214.00  5.34594e-04
6214.50  5.34131e-04
6215.00  5.34001e-04
6215.50  5.34114e-04
6216.00  5.34362e-04
6216.50  5.34625e-04
6217.00  5.34780e-04
6217.50  5.34726e-04
6218.00  5.34380e-04
6218.50  5.33691e-04
6219.00  5.32649e-04
6219.50  5.31278e-04
6220.00  5.29641e-04
6220.50  5.27829e-04
6221.00  5.25957e-04
6221.50  5.24153e-04
6222.00  5.22545e-04
6222.50  5.21255e-04
6223.00  5.20383e-04
6223.50  5.20000e-04
6224.00  5.20142e-04
6224.50  5.20805e-04
6225.00  5.21947e-04
6225.50  5.23486e-04
6226.00  5.25313e-04
6226.50  5.27301e-04
6227.00  5.29318e-04
6227.50  5.31238e-04
6228.00  5.32956e-04
6228.50  5.34389e-04
6229.00  5.35496e-04
6229.50  5.36268e-04
6230.00  5.36731e-04
6230.50  5.36933e-04
6231.00  5.36952e-04
6231.50  5.36869e-04
6232.00  5.36764e-04
6232.50  5.36711e-04
6233.00  5.36768e-04
6233.50  5.36969e-04
6234.00  5.37330e-04
6234.50  5.37841e-04
6235.00  5.38469e-04
6235.50  5.39161e-04
6236.00  5.39858e-04
6236.50  5.40489e-04
6237.00  5.40978e-04
6237.50  5.41256e-04
6238.00  5.41259e-04
6238.50  5.40931e-04
6239.00  5.40241e-04
6239.50  5.39164e-04
6240.00  5.37700e-04
6240.50  5.35866e-04
6241.00  5.33697e-04
6241.50  5.31240e-04
6242.00  5.28560e-04
6242.50  5.25726e-04
6243.00  5.22814e-04
6243.50  5.19898e-04
6244.00  5.17048e-04
6244.50  5.14325e-04
6245.00  5.11781e-04
6245.50  5.09454e-04
6246.00  5.07367e-04
6246.50  5.05540e-04
6247.00  5.03977e-04
6247.50  5.02681e-04
6248.00  5.01657e-04
6248.50  5.00910e-04
6249.00  5.00446e-04
6249.50  5.00275e-04
6250.00  5.00410e-04
6250.50  5.00861e-04
6251.00  5.01631e-04
6251.50  5.02710e-04
6252.00  5.04071e-04
6252.50  5.05667e-04
6253.00  5.07434e-04
6253.50  5.09286e-04
6254.00  5.11128e-04
6254.50  5.12862e-04
6255.00  5.14397e-04
6255.50  5.15661e-04
6256.00  5.16603e-04
6256.50  5.17209e-04
6257.00  5.17493e-04
6257.50  5.17502e-04
6258.00  5.17307e-04
6258.50  5.16997e-04
6259.00  5.16667e-04
6259.50  5.16404e-04
6260.00  5.16288e-04
6260.50  5.16375e-04
6261.00  5.16698e-04
6261.50  5.17268e-04
6262.00  5.18076e-04
6262.50  5.19086e-04
6263.00  5.20261e-04
6263.50  5.21556e-04
6264.00  5.22923e-04
6264.50  5.24317e-04
6265.00  5.25703e-04
6265.50  5.27055e-04
6266.00  5.28352e-04
6266.50  5.29579e-04
6267.00  5.30736e-04
6267.50  5.31812e-04
6268.00  5.32811e-04
6268.50  5.33736e-04
6269.00  5.34587e-04
6269.50  5.35366e-04
6270.00  5.36074e-04
6270.50  5.36710e-04
6271.00  5.37273e-04
6271.50  5.37761e-04
6272.00  5.38173e-04
6272.50  5.38506e-04
6273.00  5.38759e-04
6273.50  5.38933e-04
6274.00  5.39031e-04
6274.50  5.39062e-04
6275.00  5.39039e-04
6275.50  5.38982e-04
6276.00  5.38917e-04
6276.50  5.38873e-04
6277.00  5.38886e-04
6277.50  5.39000e-04
6278.00  5.39249e-04
6278.50  5.39664e-04
6279.00  5.40268e-04
6279.50  5.41070e-04
6280.00  5.42061e-04
6280.50  5.43217e-04
6281.00  5.44496e-04
6281.50  5.45840e-04
6282.00  5.47179e-04
6282.50  5.48435e-04
6283.00  5.49533e-04
6283.50  5.50396e-04
6284.00  5.50957e-04
6284.50  5.51166e-04
6285.00  5.50986e-04
6285.50  5.50405e-04
6286.00  5.49429e-04
6286.50  5.48090e-04
6287.00  5.46439e-04
6287.50  5.44542e-04
6288.00  5.42491e-04
6288.50  5.40373e-04
6289.00  5.38293e-04
6289.50  5.36339e-04
6290.00  5.34592e-04
6290.50  5.33109e-04
6291.00  5.31928e-04
6291.50  5.31054e-04
6292.00  5.30467e-04
6292.50  5.30118e-04
6293.00  5.29938e-04
6293.50  5.29842e-04
6294.00  5.29732e-04
6294.50  5.29513e-04
6295.00  5.29095e-04
6295.50  5.28396e-04
6296.00  5.27356e-04
6296.50  5.25938e-04
6297.00  5.24132e-04
6297.50  5.21957e-04
6298.00  5.19476e-04
6298.50  5.16781e-04
6299.00  5.13993e-04
6299.50  5.11266e-04
6300.00  5.08762e-04
6300.50  5.06649e-04
6301.00  5.05080e-04
6301.50  5.04175e-04
6302.00  5.04015e-04
6302.50  5.04625e-04
6303.00  5.05970e-04
6303.50  5.07960e-04
6304.00  5.10451e-04
6304.50  5.13275e-04
6305.00  5.16235e-04
6305.50  5.19140e-04
6306.00  5.21809e-04
6306.50  5.24101e-04
6307.00  5.25916e-04
6307.50  5.27199e-04
6308.00  5.27943e-04
6308.50  5.28187e-04
6309.00  5.28000e-04
6309.50  5.27474e-04
6310.00  5.26711e-04
6310.50  5.25814e-04
6311.00  5.24870e-04
6311.50  5.23945e-04
6312.00  5.23089e-04
6312.50  5.22327e-04
6313.00  5.21666e-04
6313.50  5.21104e-04
6314.00  5.20640e-04
6314.50  5.20275e-04
6315.00  5.20026e-04
6315.50  5.19924e-04
6316.00  5.20018e-04
6316.50  5.20363e-04
6317.00  5.21026e-04
6317.50  5.22058e-04
6318.00  5.23500e-04
6318.50  5.25371e-04
6319.00  5.27656e-04
6319.50  5.30308e-04
6320.00  5.33249e-04
6320.50  5.36378e-04
6321.00  5.39576e-04
6321.50  5.42720e-04
6322.00  5.45690e-04
6322.50  5.48379e-04
6323.00  5.50702e-04
6323.50  5.52596e-04
6324.00  5.54028e-04
6324.50  5.54988e-04
6325.00  5.55493e-04
6325.50  5.55579e-04
6326.00  5.55299e-04
6326.50  5.54715e-04
6327.00  5.53903e-04
6327.50  5.52940e-04
6328.00  5.51903e-04
6328.50  5.50871e-04
6329.00  5.49916e-04
6329.50  5.49101e-04
6330.00  5.48480e-04
6330.50  5.48092e-04
6331.00  5.47961e-04
6331.50  5.48094e-04
6332.00  5.48479e-04
6332.50  5.49091e-04
6333.00  5.49884e-04
6333.50  5.50812e-04
6334.00  5.51822e-04
6334.50  5.52856e-04
6335.00  5.53865e-04
6335.50  5.54807e-04
6336.00  5.55651e-04
6336.50  5.56375e-04
6337.00  5.56971e-04
6337.50  5.57436e-04
6338.00  5.57776e-04
6338.50  5.57999e-04
6339.00  5.58114e-04
6339.50  5.58123e-04
6340.00  5.58037e-04
6340.50  5.57853e-04
6341.00  5.57566e-04
6341.50  5.57180e-04
6342.00  5.56686e-04
6342.50  5.56081e-04
6343.00  5.55363e-04
6343.50  5.54530e-04
6344.00  5.53579e-04
6344.50  5.52510e-04
6345.00  5.51317e-04
6345.50  5.49995e-04
6346.00  5.48535e-04
6346.50  5.46923e-04
6347.00  5.45144e-04
6347.50  5.43184e-04
6348.00  5.41034e-04
6348.50  5.38691e-04
6349.00  5.36166e-04
6349.50  5.33485e-04
6350.00  5.30698e-04
6350.50  5.27874e-04
6351.00  5.25108e-04
6351.50  5.22512e-04
6352.00  5.20211e-04
6352.50  5.18333e-04
6353.00  5.17007e-04
6353.50  5.16338e-04
6354.00  5.16402e-04
6354.50  5.17237e-04
6355.00  5.18835e-04
6355.50  5.21139e-04
6356.00  5.24047e-04
6356.50  5.27417e-04
6357.00  5.31078e-04
6357.50  5.34843e-04
6358.00  5.38522e-04
6358.50  5.41938e-04
6359.00  5.44935e-04
6359.50  5.47388e-04
6360.00  5.49212e-04
6360.50  5.50360e-04
6361.00  5.50821e-04
6361.50  5.50623e-04
6362.00  5.49821e-04
6362.50  5.48494e-04
6363.00  5.46740e-04
6363.50  5.44668e-04
6364.00  5.42393e-04
6364.50  5.40027e-04
6365.00  5.37685e-04
6365.50  5.35470e-04
6366.00  5.33477e-04
6366.50  5.31788e-04
6367.00  5.30470e-04
6367.50  5.29574e-04
6368.00  5.29134e-04
6368.50  5.29161e-04
6369.00  5.29656e-04
6369.50  5.30600e-04
6370.00  5.31952e-04
6370.50  5.33669e-04
6371.00  5.35693e-04
6371.50  5.37963e-04
6372.00  5.40415e-04
6372.50  5.42987e-04
6373.00  5.45622e-04
6373.50  5.48271e-04
6374.00  5.50894e-04
6374.50  5.53457e-04
6375.00  5.55934e-04
6375.50  5.58302e-04
6376.00  5.60543e-04
6376.50  5.62635e-04
6377.00  5.64563e-04
6377.50  5.66304e-04
6378.00  5.67837e-04
6378.50  5.69140e-04
6379.00  5.70198e-04
6379.50  5.70990e-04
6380.00  5.71513e-04
6380.50  5.71762e-04
6381.00  5.71746e-04
6381.50  5.71471e-04
6382.00  5.70958e-04
6382.50  5.70223e-04
6383.00  5.69283e-04
6383.50  5.68149e-04
6384.00  5.66824e-04
6384.50  5.65297e-04
6385.00  5.63552e-04
6385.50  5.61560e-04
6386.00  5.59283e-04
6386.50  5.56695e-04
6387.00  5.53768e-04
6387.50  5.50491e-04
6388.00  5.46876e-04
6388.50  5.42965e-04
6389.00  5.38829e-04
6389.50  5.34571e-04
6390.00  5.30321e-04
6390.50  5.26225e-04
6391.00  5.22436e-04
6391.50  5.19099e-04
6392.00  5.16337e-04
6392.50  5.14235e-04
6393.00  5.12838e-04
6393.50  5.12141e-04
6394.00  5.12087e-04
6394.50  5.12593e-04
6395.00  5.13540e-04
6395.50  5.14800e-04
6396.00  5.16250e-04
6396.50  5.17784e-04
6397.00  5.19327e-04
6397.50  5.20836e-04
6398.00  5.22300e-04
6398.50  5.23735e-04
6399.00  5.25171e-04
6399.50  5.26641e-04
6400.00  5.28169e-04
6400.50  5.29759e-04
6401.00  5.31390e-04
6401.50  5.33024e-04
6402.00  5.34601e-04
6402.50  5.36051e-04
6403.00  5.37306e-04
6403.50  5.38320e-04
6404.00  5.39064e-04
6404.50  5.39541e-04
6405.00  5.39785e-04
6405.50  5.39857e-04
6406.00  5.39831e-04
6406.50  5.39799e-04
6407.00  5.39836e-04
6407.50  5.39994e-04
6408.00  5.40309e-04
6408.50  5.40764e-04
6409.00  5.41320e-04
6409.50  5.41901e-04
6410.00  5.42412e-04
6410.50  5.42748e-04
6411.00  5.42810e-04
6411.50  5.42517e-04
6412.00  5.41817e-04
6412.50  5.40694e-04
6413.00  5.39167e-04
6413.50  5.37293e-04
6414.00  5.35159e-04
6414.50  5.32875e-04
6415.00  5.30557e-04
6415.50  5.28334e-04
6416.00  5.26330e-04
6416.50  5.24656e-04
6417.00  5.23409e-04
6417.50  5.22673e-04
6418.00  5.22507e-04
6418.50  5.22954e-04
6419.00  5.24035e-04
6419.50  5.25742e-04
6420.00  5.28049e-04
6420.50  5.30901e-04
6421.00  5.34216e-04
6421.50  5.37896e-04
6422.00  5.41819e-04
6422.50  5.45854e-04
6423.00  5.49855e-04
6423.50  5.53687e-04
6424.00  5.57224e-04
6424.50  5.60353e-04
6425.00  5.62981e-04
6425.50  5.65051e-04
6426.00  5.66526e-04
6426.50  5.67397e-04
6427.00  5.67682e-04
6427.50  5.67421e-04
6428.00  5.66671e-04
6428.50  5.65502e-04
6429.00  5.63990e-04
6429.50  5.62217e-04
6430.00  5.60254e-04
6430.50  5.58173e-04
6431.00  5.56033e-04
6431.50  5.53882e-04
6432.00  5.51752e-04
6432.50  5.49669e-04
6433.00  5.47646e-04
6433.50  5.45695e-04
6434.00  5.43822e-04
6434.50  5.42043e-04
6435.00  5.40371e-04
6435.50  5.38837e-04
6436.00  5.37482e-04
6436.50  5.36352e-04
6437.00  5.35503e-04
6437.50  5.34989e-04
6438.00  5.34861e-04
6438.50  5.35158e-04
6439.00  5.35902e-04
6439.50  5.37092e-04
6440.00  5.38706e-04
6440.50  5.40697e-04
6441.00  5.42998e-04
6441.50  5.45529e-04
6442.00  5.48198e-04
6442.50  5.50911e-04
6443.00  5.53575e-04
6443.50  5.56104e-04
6444.00  5.58425e-04
6444.50  5.60477e-04
6445.00  5.62217e-04
6445.50  5.63614e-04
6446.00  5.64655e-04
6446.50  5.65340e-04
6447.00  5.65677e-04
6447.50  5.65690e-04
6448.00  5.65407e-04
6448.50  5.64854e-04
6449.00  5.64075e-04
6449.50  5.63106e-04
6450.00  5.61982e-04
6450.50  5.60744e-04
6451.00  5.59433e-04
6451.50  5.58091e-04
6452.00  5.56763e-04
6452.50  5.55495e-04
6453.00  5.54329e-04
6453.50  5.53314e-04
6454.00  5.52474e-04
6454.50  5.51835e-04
6455.00  5.51402e-04
6455.50  5.51163e-04
6456.00  5.51085e-04
6456.50  5.51120e-04
6457.00  5.51213e-04
6457.50  5.51303e-04
6458.00  5.51338e-04
6458.50  5.51280e-04
6459.00  5.51113e-04
6459.50  5.50848e-04
6460.00  5.50522e-04
6460.50  5.50192e-04
6461.00  5.49934e-04
6461.50  5.49826e-04
6462.00  5.49944e-04
6462.50  5.50348e-04
6463.00  5.51077e-04
6463.50  5.52145e-04
6464.00  5.53542e-04
6464.50  5.55233e-04
6465.00  5.57167e-04
6465.50  5.59282e-04
6466.00  5.61512e-04
6466.50  5.63791e-04
6467.00  5.66060e-04
