6001.50  4.41325e-05
5994.50  4.56737e-05
5995.00  4.56769e-05
5995.50  4.56719e-05
5996.00  4.56567e-05
5996.50  4.56289e-05
5997.00  4.55854e-05
5997.50  4.55230e-05
5998.00  4.54386e-05
5998.50  4.53292e-05
5999.00  4.51929e-05
5999.50  4.50283e-05
6000.00  4.48369e-05
6000.50  4.46208e-05
6001.00  4.43840e-05
6001.50  4.41325e-05
6002.00  4.38727e-05
6002.50  4.36126e-05
6003.00  4.33602e-05
6003.50  4.31235e-05
6004.00  4.29097e-05
6004.50  4.27255e-05
6005.00  4.25763e-05
6005.50  4.24664e-05
6006.00  4.23983e-05
6006.50  4.23733e-05
6007.00  4.23910e-05
6007.50  4.24494e-05
6008.00  4.25444e-05
6008.50  4.26710e-05
6009.00  4.28227e-05
6009.50  4.29927e-05
6010.00  4.31736e-05
6010.50  4.33597e-05
6011.00  4.35457e-05
6011.50  4.37283e-05
6012.00  4.39058e-05
6012.50  4.40785e-05
6013.00  4.42472e-05
6013.50  4.44148e-05
6014.00  4.45830e-05
6014.50  4.47533e-05
6015.00  4.49260e-05
6015.50  4.50998e-05
6016.00  4.52716e-05
6016.50  4.54368e-05
6017.00  4.55893e-05
6017.50  4.57229e-05
6018.00  4.58301e-05
6018.50  4.59053e-05
6019.00  4.59435e-05
6019.50  4.59417e-05
6020.00  4.58991e-05
6020.50  4.58174e-05
6021.00  4.57011e-05
6021.50  4.55573e-05
6022.00  4.53949e-05
6022.50  4.52244e-05
6023.00  4.50568e-05
6023.50  4.49030e-05
6024.00  4.47738e-05
6024.50  4.46775e-05
6025.00  4.46207e-05
6025.50  4.46071e-05
6026.00  4.46377e-05
6026.50  4.47107e-05
6027.00  4.48217e-05
6027.50  4.49643e-05
6028.00  4.51307e-05
6028.50  4.53117e-05
6029.00  4.54988e-05
6029.50  4.56836e-05
6030.00  4.58589e-05
6030.50  4.60190e-05
6031.00  4.61601e-05
6031.50  4.62803e-05
6032.00  4.63795e-05
6032.50  4.64592e-05
6033.00  4.65220e-05
6033.50  4.65707e-05
6034.00  4.66089e-05
6034.50  4.66392e-05
6035.00  4.66639e-05
6035.50  4.66841e-05
6036.00  4.67003e-05
6036.50  4.67119e-05
6037.00  4.67182e-05
6037.50  4.67182e-05
6038.00  4.67110e-05
6038.50  4.66965e-05
6039.00  4.66747e-05
6039.50  4.66471e-05
6040.00  4.66158e-05
6040.50  4.65830e-05
6041.00  4.65515e-05
6041.50  4.65240e-05
6042.00  4.65019e-05
6042.50  4.64875e-05
6043.00  4.64818e-05
6043.50  4.64850e-05
6044.00  4.64969e-05
6044.50  4.65170e-05
6045.00  4.65445e-05
6045.50  4.65782e-05
6046.00  4.66170e-05
6046.50  4.66590e-05
6047.00  4.67024e-05
6047.50  4.67443e-05
6048.00  4.67814e-05
6048.50  4.68095e-05
6049.00  4.68238e-05
6049.50  4.68199e-05
6050.00  4.67932e-05
6050.50  4.67402e-05
6051.00  4.66590e-05
6051.50  4.65492e-05
6052.00  4.64140e-05
6052.50  4.62580e-05
6053.00  4.60886e-05
6053.50  4.59147e-05
6054.00  4.57464e-05
6054.50  4.55940e-05
6055.00  4.54669e-05
6055.50  4.53724e-05
6056.00  4.53155e-05
6056.50  4.52977e-05
6057.00  4.53173e-05
6057.50  4.53693e-05
6058.00  4.54462e-05
6058.50  4.55385e-05
6059.00  4.56357e-05
6059.50  4.57276e-05
6060.00  4.58052e-05
6060.50  4.58620e-05
6061.00  4.58938e-05
6061.50  4.59003e-05
6062.00  4.58842e-05
6062.50  4.58511e-05
6063.00  4.58094e-05
6063.50  4.57688e-05
6064.00  4.57395e-05
6064.50  4.57308e-05
6065.00  4.57510e-05
6065.50  4.58059e-05
6066.00  4.58978e-05
6066.50  4.60260e-05
6067.00  4.61864e-05
6067.50  4.63721e-05
6068.00  4.65743e-05
6068.50  4.67823e-05
6069.00  4.69847e-05
6069.50  4.71701e-05
6070.00  4.73277e-05
6070.50  4.74478e-05
6071.00  4.75210e-05
6071.50  4.75406e-05
6072.00  4.75011e-05
6072.50  4.73990e-05
6073.00  4.72329e-05
6073.50  4.70041e-05
6074.00  4.67169e-05
6074.50  4.63790e-05
6075.00  4.60011e-05
6075.50  4.55975e-05
6076.00  4.51851e-05
6076.50  4.47829e-05
6077.00  4.44107e-05
6077.50  4.40877e-05
6078.00  4.38310e-05
6078.50  4.36542e-05
6079.00  4.35664e-05
6079.50  4.35710e-05
6080.00  4.36662e-05
6080.50  4.38438e-05
6081.00  4.40922e-05
6081.50  4.43957e-05
6082.00  4.47369e-05
6082.50  4.50978e-05
6083.00  4.54615e-05
6083.50  4.58128e-05
6084.00  4.61402e-05
6084.50  4.64350e-05
6085.00  4.66924e-05
6085.50  4.69108e-05
6086.00  4.70918e-05
6086.50  4.72390e-05
6087.00  4.73578e-05
6087.50  4.74543e-05
6088.00  4.75348e-05
6088.50  4.76053e-05
6089.00  4.76709e-05
6089.50  4.77356e-05
6090.00  4.78022e-05
6090.50  4.78722e-05
6091.00  4.79460e-05
6091.50  4.80227e-05
6092.00  4.81009e-05
6092.50  4.81785e-05
6093.00  4.82532e-05
6093.50  4.83224e-05
6094.00  4.83834e-05
6094.50  4.84345e-05
6095.00  4.84737e-05
6095.50  4.84997e-05
6096.00  4.85114e-05
6096.50  4.85080e-05
6097.00  4.84892e-05
6097.50  4.84551e-05
6098.00  4.84058e-05
6098.50  4.83420e-05
6099.00  4.82643e-05
6099.50  4.81741e-05
6100.00  4.80729e-05
6100.50  4.79627e-05
6101.00  4.78462e-05
6101.50  4.77265e-05
6102.00  4.76071e-05
6102.50  4.74918e-05
6103.00  4.73846e-05
6103.50  4.72895e-05
6104.00  4.72098e-05
6104.50  4.71481e-05
6105.00  4.71062e-05
6105.50  4.70843e-05
6106.00  4.70822e-05
6106.50  4.70980e-05
6107.00  4.71287e-05
6107.50  4.71710e-05
6108.00  4.72206e-05
6108.50  4.72734e-05
6109.00  4.73251e-05
6109.50  4.73716e-05
6110.00  4.74092e-05
6110.50  4.74346e-05
6111.00  4.74447e-05
6111.50  4.74371e-05
6112.00  4.74095e-05
6112.50  4.73601e-05
6113.00  4.72876e-05
6113.50  4.71912e-05
6114.00  4.70713e-05
6114.50  4.69291e-05
6115.00  4.67669e-05
6115.50  4.65887e-05
6116.00  4.63993e-05
6116.50  4.62047e-05
6117.00  4.60115e-05
6117.50  4.58264e-05
6118.00  4.56558e-05
6118.50  4.55053e-05
6119.00  4.53791e-05
6119.50  4.52795e-05
6120.00  4.52070e-05
6120.50  4.51602e-05
6121.00  4.51360e-05
6121.50  4.51301e-05
6122.00  4.51372e-05
6122.50  4.51519e-05
6123.00  4.51693e-05
6123.50  4.51855e-05
6124.00  4.51982e-05
6124.50  4.52060e-05
6125.00  4.52092e-05
6125.50  4.52092e-05
6126.00  4.52080e-05
6126.50  4.52077e-05
6127.00  4.52100e-05
6127.50  4.52154e-05
6128.00  4.52224e-05
6128.50  4.52275e-05
6129.00  4.52256e-05
6129.50  4.52093e-05
6130.00  4.51702e-05
6130.50  4.50997e-05
6131.00  4.49896e-05
6131.50  4.48344e-05
6132.00  4.46312e-05
6132.50  4.43815e-05
6133.00  4.40913e-05
6133.50  4.37711e-05
6134.00  4.34359e-05
6134.50  4.31029e-05
6135.00  4.27916e-05
6135.50  4.25208e-05
6136.00  4.23070e-05
6136.50  4.21634e-05
6137.00  4.20976e-05
6137.50  4.21121e-05
6138.00  4.22036e-05
6138.50  4.23637e-05
6139.00  4.25805e-05
6139.50  4.28400e-05
6140.00  4.31274e-05
6140.50  4.34294e-05
6141.00  4.37348e-05
6141.50  4.40355e-05
6142.00  4.43265e-05
6142.50  4.46061e-05
6143.00  4.48747e-05
6143.50  4.51347e-05
6144.00  4.53883e-05
6144.50  4.56381e-05
6145.00  4.58853e-05
6145.50  4.61299e-05
6146.00  4.63702e-05
6146.50  4.66027e-05
6147.00  4.68233e-05
6147.50  4.70266e-05
6148.00  4.72076e-05
6148.50  4.73613e-05
6149.00  4.74838e-05
6149.50  4.75717e-05
6150.00  4.76240e-05
6150.50  4.76405e-05
6151.00  4.76230e-05
6151.50  4.75741e-05
6152.00  4.74975e-05
6152.50  4.73978e-05
6153.00  4.72808e-05
6153.50  4.71515e-05
6154.00  4.70150e-05
6154.50  4.68754e-05
6155.00  4.67353e-05
6155.50  4.65966e-05
6156.00  4.64595e-05
6156.50  4.63219e-05
6157.00  4.61812e-05
6157.50  4.60327e-05
6158.00  4.58713e-05
6158.50  4.56918e-05
6159.00  4.54888e-05
6159.50  4.52580e-05
6160.00  4.49958e-05
6160.50  4.47006e-05
6161.00  4.43718e-05
6161.50  4.40105e-05
6162.00  4.36192e-05
6162.50  4.32013e-05
6163.00  4.27615e-05
6163.50  4.23052e-05
6164.00  4.18386e-05
6164.50  4.13691e-05
6165.00  4.09054e-05
6165.50  4.04577e-05
6166.00  4.00377e-05
6166.50  3.96589e-05
6167.00  3.93359e-05
6167.50  3.90836e-05
6168.00  3.89163e-05
6168.50  3.88467e-05
6169.00  3.88839e-05
6169.50  3.90326e-05
6170.00  3.92921e-05
6170.50  3.96560e-05
6171.00  4.01117e-05
6171.50  4.06420e-05
6172.00  4.12257e-05
6172.50  4.18390e-05
6173.00  4.24582e-05
6173.50  4.30603e-05
6174.00  4.36250e-05
6174.50  4.41367e-05
6175.00  4.45836e-05
6175.50  4.49592e-05
6176.00  4.52613e-05
6176.50  4.54921e-05
6177.00  4.56567e-05
6177.50  4.57622e-05
6178.00  4.58182e-05
6178.50  4.58331e-05
6179.00  4.58158e-05
6179.50  4.57734e-05
6180.00  4.57115e-05
6180.50  4.56333e-05
6181.00  4.55399e-05
6181.50  4.54300e-05
6182.00  4.53010e-05
6182.50  4.51489e-05
6183.00  4.49693e-05
6183.50  4.47585e-05
6184.00  4.45135e-05
6184.50  4.42334e-05
6185.00  4.39208e-05
6185.50  4.35801e-05
6186.00  4.32196e-05
6186.50  4.28500e-05
6187.00  4.24841e-05
6187.50  4.21357e-05
6188.00  4.18189e-05
6188.50  4.15469e-05
6189.00  4.13312e-05
6189.50  4.11803e-05
6190.00  4.10996e-05
6190.50  4.10908e-05
6191.00  4.11521e-05
6191.50  4.12782e-05
6192.00  4.14612e-05
6192.50  4.16909e-05
6193.00  4.19560e-05
6193.50  4.22446e-05
6194.00  4.25452e-05
6194.50  4.28474e-05
6195.00  4.31422e-05
6195.50  4.34228e-05
6196.00  4.36843e-05
6196.50  4.39238e-05
6197.00  4.41401e-05
6197.50  4.43335e-05
6198.00  4.45053e-05
6198.50  4.46570e-05
6199.00  4.47905e-05
6199.50  4.49071e-05
6200.00  4.50083e-05
6200.50  4.50946e-05
6201.00  4.51660e-05
6201.50  4.52223e-05
6202.00  4.52629e-05
6202.50  4.52873e-05
6203.00  4.52947e-05
6203.50  4.52850e-05
6204.00  4.52579e-05
6204.50  4.52136e-05
6205.00  4.51526e-05
6205.50  4.50750e-05
6206.00  4.49815e-05
6206.50  4.48717e-05
6207.00  4.47463e-05
6207.50  4.46054e-05
6208.00  4.44493e-05
6208.50  4.42786e-05
6209.00  4.40947e-05
6209.50  4.39000e-05
6210.00  4.36977e-05
6210.50  4.34927e-05
6211.00  4.32907e-05
6211.50  4.30981e-05
6212.00  4.29218e-05
6212.50  4.27681e-05
6213.00  4.26421e-05
6213.50  4.25473e-05
6214.00  4.24847e-05
6214.50  4.24523e-05
6215.00  4.24459e-05
6215.50  4.24587e-05
6216.00  4.24822e-05
6216.50  4.25071e-05
6217.00  4.25239e-05
6217.50  4.25245e-05
6218.00  4.25022e-05
6218.50  4.24531e-05
6219.00  4.23761e-05
6219.50  4.22728e-05
6220.00  4.21477e-05
6220.50  4.20079e-05
6221.00  4.18621e-05
6221.50  4.17202e-05
6222.00  4.15923e-05
6222.50  4.14878e-05
6223.00  4.14148e-05
6223.50  4.13790e-05
6224.00  4.13837e-05
6224.50  4.14289e-05
6225.00  4.15115e-05
6225.50  4.16258e-05
6226.00  4.17635e-05
6226.50  4.19150e-05
6227.00  4.20702e-05
6227.50  4.22194e-05
6228.00  4.23543e-05
6228.50  4.24684e-05
6229.00  4.25582e-05
6229.50  4.26226e-05
6230.00  4.26633e-05
6230.50  4.26836e-05
6231.00  4.26892e-05
6231.50  4.26861e-05
6232.00  4.26802e-05
6232.50  4.26771e-05
6233.00  4.26813e-05
6233.50  4.26953e-05
6234.00  4.27207e-05
6234.50  4.27566e-05
6235.00  4.28007e-05
6235.50  4.28491e-05
6236.00  4.28974e-05
6236.50  4.29402e-05
6237.00  4.29720e-05
6237.50  4.29874e-05
6238.00  4.29817e-05
6238.50  4.29508e-05
6239.00  4.28922e-05
6239.50  4.28042e-05
6240.00  4.26868e-05
6240.50  4.25414e-05
6241.00  4.23705e-05
6241.50  4.21779e-05
6242.00  4.19685e-05
6242.50  4.17475e-05
6243.00  4.15208e-05
6243.50  4.12942e-05
6244.00  4.10728e-05
6244.50  4.08616e-05
6245.00  4.06645e-05
6245.50  4.04844e-05
6246.00  4.03232e-05
6246.50  4.01824e-05
6247.00  4.00624e-05
6247.50  3.99634e-05
6248.00  3.98859e-05
6248.50  3.98300e-05
6249.00  3.97964e-05
6249.50  3.97859e-05
6250.00  3.97995e-05
6250.50  3.98381e-05
6251.00  3.99019e-05
6251.50  3.99903e-05
6252.00  4.01013e-05
6252.50  4.02313e-05
6253.00  4.03754e-05
6253.50  4.05268e-05
6254.00  4.06782e-05
6254.50  4.08216e-05
6255.00  4.09497e-05
6255.50  4.10565e-05
6256.00  4.11378e-05
6256.50  4.11920e-05
6257.00  4.12198e-05
6257.50  4.12245e-05
6258.00  4.12115e-05
6258.50  4.11875e-05
6259.00  4.11599e-05
6259.50  4.11357e-05
6260.00  4.11214e-05
6260.50  4.11218e-05
6261.00  4.11400e-05
6261.50  4.11773e-05
6262.00  4.12334e-05
6262.50  4.13061e-05
6263.00  4.13927e-05
6263.50  4.14898e-05
6264.00  4.15939e-05
6264.50  4.17014e-05
6265.00  4.18092e-05
6265.50  4.19150e-05
6266.00  4.20169e-05
6266.50  4.21134e-05
6267.00  4.22041e-05
6267.50  4.22877e-05
6268.00  4.23645e-05
6268.50  4.24344e-05
6269.00  4.24974e-05
6269.50  4.25535e-05
6270.00  4.26031e-05
6270.50  4.26460e-05
6271.00  4.26825e-05
6271.50  4.27126e-05
6272.00  4.27366e-05
6272.50  4.27545e-05
6273.00  4.27667e-05
6273.50  4.27735e-05
6274.00  4.27757e-05
6274.50  4.27740e-05
6275.00  4.27697e-05
6275.50  4.27645e-05
6276.00  4.27604e-05
6276.50  4.27594e-05
6277.00  4.27643e-05
6277.50  4.27780e-05
6278.00  4.28027e-05
6278.50  4.28406e-05
6279.00  4.28928e-05
6279.50  4.29597e-05
6280.00  4.30402e-05
6280.50  4.31324e-05
6281.00  4.32326e-05
6281.50  4.33365e-05
6282.00  4.34387e-05
6282.50  4.35332e-05
6283.00  4.36145e-05
6283.50  4.36769e-05
6284.00  4.37155e-05
6284.50  4.37267e-05
6285.00  4.37082e-05
6285.50  4.36590e-05
6286.00  4.35802e-05
6286.50  4.34742e-05
6287.00  4.33451e-05
6287.50  4.31982e-05
6288.00  4.30407e-05
6288.50  4.28791e-05
6289.00  4.27216e-05
6289.50  4.25748e-05
6290.00  4.24447e-05
6290.50  4.23358e-05
6291.00  4.22506e-05
6291.50  4.21895e-05
6292.00  4.21506e-05
6292.50  4.21301e-05
6293.00  4.21224e-05
6293.50  4.21207e-05
6294.00  4.21175e-05
6294.50  4.21053e-05
6295.00  4.20771e-05
6295.50  4.20264e-05
6296.00  4.19487e-05
6296.50  4.18412e-05
6297.00  4.17032e-05
6297.50  4.15365e-05
6298.00  4.13460e-05
6298.50  4.11389e-05
6299.00  4.09248e-05
6299.50  4.07155e-05
6300.00  4.05238e-05
6300.50  4.03625e-05
6301.00  4.02433e-05
6301.50  4.01754e-05
6302.00  4.01650e-05
6302.50  4.02137e-05
6303.00  4.03189e-05
6303.50  4.04734e-05
6304.00  4.06663e-05
6304.50  4.08846e-05
6305.00  4.11134e-05
6305.50  4.13380e-05
6306.00  4.15448e-05
6306.50  4.17232e-05
6307.00  4.18656e-05
6307.50  4.19679e-05
6308.00  4.20297e-05
6308.50  4.20537e-05
6309.00  4.20453e-05
6309.50  4.20113e-05
6310.00  4.19593e-05
6310.50  4.18967e-05
6311.00  4.18300e-05
6311.50  4.17639e-05
6312.00  4.17020e-05
6312.50  4.16460e-05
6313.00  4.15964e-05
6313.50  4.15531e-05
6314.00  4.15160e-05
6314.50  4.14853e-05
6315.00  4.14626e-05
6315.50  4.14506e-05
6316.00  4.14532e-05
6316.50  4.14749e-05
6317.00  4.15212e-05
6317.50  4.15961e-05
6318.00  4.17032e-05
6318.50  4.18440e-05
6319.00  4.20174e-05
6319.50  4.22200e-05
6320.00  4.24459e-05
6320.50  4.26873e-05
6321.00  4.29352e-05
6321.50  4.31801e-05
6322.00  4.34125e-05
6322.50  4.36243e-05
6323.00  4.38085e-05
6323.50  4.39603e-05
6324.00  4.40768e-05
6324.50  4.41571e-05
6325.00  4.42021e-05
6325.50  4.42144e-05
6326.00  4.41979e-05
6326.50  4.41571e-05
6327.00  4.40978e-05
6327.50  4.40260e-05
6328.00  4.39477e-05
6328.50  4.38691e-05
6329.00  4.37961e-05
6329.50  4.37337e-05
6330.00  4.36864e-05
6330.50  4.36574e-05
6331.00  4.36486e-05
6331.50  4.36607e-05
6332.00  4.36928e-05
6332.50  4.37428e-05
6333.00  4.38069e-05
6333.50  4.38815e-05
6334.00  4.39621e-05
6334.50  4.40442e-05
6335.00  4.41238e-05
6335.50  4.41974e-05
6336.00  4.42629e-05
6336.50  4.43187e-05
6337.00  4.43641e-05
6337.50  4.43993e-05
6338.00  4.44249e-05
6338.50  4.44417e-05
6339.00  4.44505e-05
6339.50  4.44517e-05
6340.00  4.44459e-05
6340.50  4.44332e-05
6341.00  4.44129e-05
6341.50  4.43854e-05
6342.00  4.43499e-05
6342.50  4.43061e-05
6343.00  4.42537e-05
6343.50  4.41925e-05
6344.00  4.41224e-05
6344.50  4.40432e-05
6345.00  4.39547e-05
6345.50  4.38564e-05
6346.00  4.37476e-05
6346.50  4.36274e-05
6347.00  4.34944e-05
6347.50  4.33477e-05
6348.00  4.31865e-05
6348.50  4.30106e-05
6349.00  4.28208e-05
6349.50  4.26189e-05
6350.00  4.24088e-05
6350.50  4.21957e-05
6351.00  4.19868e-05
6351.50  4.17905e-05
6352.00  4.16166e-05
6352.50  4.14748e-05
6353.00  4.13749e-05
6353.50  4.13250e-05
6354.00  4.13310e-05
6354.50  4.13959e-05
6355.00  4.15191e-05
6355.50  4.16964e-05
6356.00  4.19202e-05
6356.50  4.21798e-05
6357.00  4.24623e-05
6357.50  4.27535e-05
6358.00  4.30391e-05
6358.50  4.33057e-05
6359.00  4.35414e-05
6359.50  4.37369e-05
6360.00  4.38855e-05
6360.50  4.39836e-05
6361.00  4.40304e-05
6361.50  4.40278e-05
6362.00  4.39796e-05
6362.50  4.38917e-05
6363.00  4.37712e-05
6363.50  4.36261e-05
6364.00  4.34646e-05
6364.50  4.32953e-05
6365.00  4.31264e-05
6365.50  4.29658e-05
6366.00  4.28204e-05
6366.50  4.26964e-05
6367.00  4.25990e-05
6367.50  4.25322e-05
6368.00  4.24987e-05
6368.50  4.24997e-05
6369.00  4.25355e-05
6369.50  4.26050e-05
6370.00  4.27058e-05
6370.50  4.28352e-05
6371.00  4.29892e-05
6371.50  4.31638e-05
6372.00  4.33547e-05
6372.50  4.35577e-05
6373.00  4.37689e-05
6373.50  4.39845e-05
6374.00  4.42016e-05
6374.50  4.44172e-05
6375.00  4.46288e-05
6375.50  4.48339e-05
6376.00  4.50303e-05
6376.50  4.52152e-05
6377.00  4.53863e-05
6377.50  4.55408e-05
6378.00  4.56760e-05
6378.50  4.57892e-05
6379.00  4.58787e-05
6379.50  4.59424e-05
6380.00  4.59798e-05
6380.50  4.59909e-05
6381.00  4.59768e-05
6381.50  4.59389e-05
6382.00  4.58798e-05
6382.50  4.58023e-05
6383.00  4.57089e-05
6383.50  4.56020e-05
6384.00  4.54830e-05
6384.50  4.53525e-05
6385.00  4.52099e-05
6385.50  4.50535e-05
6386.00  4.48804e-05
6386.50  4.46884e-05
6387.00  4.44746e-05
6387.50  4.42372e-05
6388.00  4.39759e-05
6388.50  4.36927e-05
6389.00  4.33917e-05
6389.50  4.30798e-05
6390.00  4.27660e-05
6390.50  4.24608e-05
6391.00  4.21755e-05
6391.50  4.19213e-05
6392.00  4.17076e-05
6392.50  4.15416e-05
6393.00  4.14272e-05
6393.50  4.13644e-05
6394.00  4.13497e-05
6394.50  4.13774e-05
6395.00  4.14387e-05
6395.50  4.15245e-05
6396.00  4.16258e-05
6396.50  4.17349e-05
6397.00  4.18464e-05
6397.50  4.19575e-05
6398.00  4.20678e-05
6398.50  4.21788e-05
6399.00  4.22933e-05
6399.50  4.24141e-05
6400.00  4.25434e-05
6400.50  4.26817e-05
6401.00  4.28274e-05
6401.50  4.29776e-05
6402.00  4.31274e-05
6402.50  4.32710e-05
6403.00  4.34028e-05
6403.50  4.35182e-05
6404.00  4.36144e-05
6404.50  4.36905e-05
6405.00  4.37481e-05
6405.50  4.37905e-05
6406.00  4.38225e-05
6406.50  4.38500e-05
6407.00  4.38778e-05
6407.50  4.39092e-05
6408.00  4.39464e-05
6408.50  4.39881e-05
6409.00  4.40314e-05
6409.50  4.40709e-05
6410.00  4.41000e-05
6410.50  4.41117e-05
6411.00  4.40995e-05
6411.50  4.40584e-05
6412.00  4.39855e-05
6412.50  4.38806e-05
6413.00  4.37462e-05
6413.50  4.35875e-05
6414.00  4.34117e-05
6414.50  4.32278e-05
6415.00  4.30448e-05
6415.50  4.28728e-05
6416.00  4.27213e-05
6416.50  4.25987e-05
6417.00  4.25124e-05
6417.50  4.24686e-05
6418.00  4.24715e-05
6418.50  4.25241e-05
6419.00  4.26273e-05
6419.50  4.27801e-05
6420.00  4.29796e-05
6420.50  4.32207e-05
6421.00  4.34962e-05
6421.50  4.37976e-05
6422.00  4.41145e-05
6422.50  4.44362e-05
6423.00  4.47506e-05
6423.50  4.50471e-05
6424.00  4.53158e-05
6424.50  4.55482e-05
6425.00  4.57378e-05
6425.50  4.58808e-05
6426.00  4.59754e-05
6426.50  4.60217e-05
6427.00  4.60224e-05
6427.50  4.59813e-05
6428.00  4.59038e-05
6428.50  4.57958e-05
6429.00  4.56637e-05
6429.50  4.55139e-05
6430.00  4.53520e-05
6430.50  4.51835e-05
6431.00  4.50129e-05
6431.50  4.48437e-05
6432.00  4.46785e-05
6432.50  4.45194e-05
6433.00  4.43677e-05
6433.50  4.42244e-05
6434.00  4.40904e-05
6434.50  4.39671e-05
6435.00  4.38557e-05
6435.50  4.37588e-05
6436.00  4.36790e-05
6436.50  4.36196e-05
6437.00  4.35843e-05
6437.50  4.35763e-05
6438.00  4.35985e-05
6438.50  4.36530e-05
6439.00  4.37401e-05
6439.50  4.38590e-05
6440.00  4.40071e-05
6440.50  4.41802e-05
6441.00  4.43729e-05
6441.50  4.45792e-05
6442.00  4.47925e-05
6442.50  4.50063e-05
6443.00  4.52143e-05
6443.50  4.54111e-05
6444.00  4.55922e-05
6444.50  4.57539e-05
6445.00  4.58937e-05
6445.50  4.60098e-05
6446.00  4.61013e-05
6446.50  4.61681e-05
6447.00  4.62103e-05
6447.50  4.62290e-05
6448.00  4.62253e-05
6448.50  4.62002e-05
6449.00  4.61561e-05
6449.50  4.60947e-05
6450.00  4.60181e-05
6450.50  4.59291e-05
6451.00  4.58306e-05
6451.50  4.57261e-05
6452.00  4.56195e-05
6452.50  4.55150e-05
6453.00  4.54169e-05
6453.50  4.53296e-05
6454.00  4.52558e-05
6454.50  4.51986e-05
6455.00  4.51590e-05
6455.50  4.51366e-05
6456.00  4.51296e-05
6456.50  4.51347e-05
6457.00  4.51480e-05
6457.50  4.51651e-05
6458.00  4.51823e-05
6458.50  4.51968e-05
6459.00  4.52073e-05
6459.50  4.52145e-05
6460.00  4.52207e-05
6460.50  4.52299e-05
6461.00  4.52467e-05
6461.50  4.52762e-05
6462.00  4.53227e-05
6462.50  4.53897e-05
6463.00  4.54788e-05
6463.50  4.55901e-05
6464.00  4.57219e-05
6464.50  4.58716e-05
6465.00  4.60353e-05
6465.50  4.62091e-05
6466.00  4.63892e-05
6466.50  4.65721e-05
6467.00  4.67548e-05
