5995.00  4.69642e-05
5981.00  4.90128e-05
5982.00  4.41011e-05
5983.00  4.83461e-05
5984.00  5.04407e-05
5985.00  4.89441e-05
5986.00  4.88056e-05
5987.00  2.61904e-05
5988.00  4.85661e-05
5989.00  4.59510e-05
5990.00  4.80390e-05
5991.00  3.19446e-05
5992.00  4.73323e-05
5993.00  4.71372e-05
5994.00  4.56755e-05
5995.00  4.69642e-05
5996.00  3.69809e-05
5997.00  4.76983e-05
5998.00  4.55346e-05
5999.00  4.01239e-05
6000.00  4.81751e-05
6001.00  4.66882e-05
6002.00  4.90648e-05
6003.00  1.26074e-05
6004.00  4.36487e-05
6005.00  4.39045e-05
6006.00  4.92657e-05
6007.00  4.92552e-05
6008.00  1.82070e-05
6009.00  5.22176e-05
6010.00  4.88550e-05
6011.00  4.93365e-05
6012.00  4.77474e-05
6013.00  4.81016e-05
6014.00  4.88097e-05
6015.00  4.68577e-05
6016.00  4.75826e-05
6017.00  4.39385e-05
6018.00  4.79213e-05
6019.00  4.70302e-05
6020.00  4.81387e-05
6021.00  4.91200e-05
6022.00  4.86442e-05
6023.00  4.66060e-05
6024.00  1.51391e-05
6025.00  4.88706e-05
6026.00  4.90727e-05
6027.00  1.92556e-05
6028.00  4.95070e-05
6029.00  4.01261e-05
6030.00  4.89945e-05
6031.00  4.68980e-05
6032.00  4.73499e-05
6033.00  4.83449e-05
6034.00  4.12767e-05
6035.00  4.68978e-05
6036.00  4.89421e-05
6037.00  4.55590e-05
6038.00  4.91200e-05
6039.00  4.91239e-05
6040.00  4.78373e-05
6041.00  4.75277e-05
6042.00  3.84337e-05
6043.00  4.86048e-05
6044.00  4.81335e-05
6045.00  4.91105e-05
6046.00  4.52928e-05
6047.00  4.79285e-05
6048.00  4.88507e-05
6049.00  4.89531e-05
6050.00  4.84201e-05
6051.00  4.86822e-05
6052.00  4.86587e-05
6053.00  4.78131e-05
6054.00  4.56172e-05
6055.00  4.82549e-05
6056.00  1.48789e-05
6057.00  4.85884e-05
6058.00  4.82150e-05
6059.00  4.72255e-05
6060.00  4.90965e-05
6061.00  4.71935e-05
6062.00  4.83456e-05
6063.00  4.21212e-05
6064.00  5.05031e-05
6065.00  4.86736e-05
6066.00  4.82384e-05
6067.00  4.78764e-05
6068.00  4.67725e-05
6069.00  5.04791e-05
6070.00  4.72478e-05
6071.00  4.95528e-05
6072.00  4.78423e-05
6073.00  4.97403e-05
6074.00  4.70249e-05
6075.00  4.74917e-05
6076.00  4.85118e-05
6077.00  4.75988e-05
6078.00  4.80028e-05
6079.00  1.56708e-05
6080.00  4.47506e-05
6081.00  4.83274e-05
6082.00  5.11084e-05
6083.00  4.85470e-05
6084.00  4.80505e-05
6085.00  4.78451e-05
6086.00  4.86246e-05
6087.00  4.62412e-05
6088.00  4.83577e-05
6089.00  4.80950e-05
6090.00  4.65081e-05
6091.00  4.76467e-05
6092.00  4.65419e-05
6093.00  5.08426e-05
6094.00  4.77488e-05
6095.00  5.00279e-05
6096.00  4.79282e-05
6097.00  4.88294e-05
6098.00  5.33356e-05
6099.00  4.71921e-05
6100.00  4.81075e-05
6101.00  4.77499e-05
6102.00  4.96005e-05
6103.00  4.71141e-05
6104.00  4.40793e-05
6105.00  4.78051e-05
6106.00  4.70212e-05
6107.00  4.48028e-05
6108.00  4.47983e-05
6109.00  5.04260e-05
6110.00  4.89996e-05
6111.00  4.00423e-05
6112.00  4.86436e-05
6113.00  4.47435e-05
6114.00  4.87624e-05
6115.00  4.88146e-05
6116.00  4.60536e-05
6117.00  3.27792e-05
6118.00  4.93727e-05
6119.00  4.97792e-05
6120.00  4.81592e-05
6121.00  3.53810e-05
6122.00  4.61232e-05
6123.00  4.90952e-05
6124.00  4.88391e-05
6125.00  3.07709e-05
6126.00  5.15945e-05
6127.00  4.97215e-05
6128.00  4.21614e-05
6129.00  2.57728e-05
6130.00  4.94279e-05
6131.00  4.85506e-05
6132.00  4.87724e-05
6133.00  4.99430e-05
6134.00  4.47552e-05
6135.00  4.57629e-05
6136.00  4.83237e-05
6137.00  1.24120e-05
6138.00  4.88581e-05
6139.00  4.89132e-05
6140.00  4.93272e-05
6141.00  4.72914e-05
6142.00  4.59838e-05
6143.00  4.75632e-05
6144.00  4.87578e-05
6145.00  2.78514e-05
6146.00  4.82601e-05
6147.00  4.94703e-05
6148.00  4.85485e-05
6149.00  4.97744e-05
6150.00  4.79144e-05
6151.00  4.87613e-05
6152.00  4.99098e-05
6153.00  4.85028e-05
6154.00  4.69023e-05
6155.00  4.67481e-05
6156.00  3.50771e-05
6157.00  4.90355e-05
6158.00  4.70552e-05
6159.00  4.62546e-05
6160.00  4.64231e-05
6161.00  4.74538e-05
6162.00  4.23484e-05
6163.00  4.64037e-05
6164.00  4.64120e-05
6165.00  4.69092e-05
6166.00  4.24070e-05
6167.00  4.64314e-05
6168.00  4.74857e-05
6169.00  1.37913e-05
6170.00  4.71974e-05
6171.00  3.88873e-05
6172.00  4.54344e-05
6173.00  4.53294e-05
6174.00  4.90453e-05
6175.00  4.49007e-05
6176.00  4.69277e-05
6177.00  4.70889e-05
6178.00  4.85655e-05
6179.00  4.84001e-05
6180.00  4.01516e-05
6181.00  4.45310e-05
6182.00  4.76791e-05
6183.00  4.93535e-05
6184.00  4.75498e-05
6185.00  4.86596e-05
6186.00  4.67987e-05
6187.00  4.47359e-05
6188.00  1.86420e-05
6189.00  2.98726e-05
6190.00  4.60451e-05
6191.00  4.71478e-05
6192.00  4.52613e-05
6193.00  4.29480e-05
6194.00  4.58565e-05
6195.00  4.61776e-05
6196.00  4.50451e-05
6197.00  4.37549e-05
6198.00  4.75243e-05
6199.00  4.65083e-05
6200.00  4.70495e-05
6201.00  4.69170e-05
6202.00  4.78731e-05
6203.00  4.62677e-05
6204.00  4.60773e-05
6205.00  4.53944e-05
6206.00  4.59180e-05
6207.00  4.76978e-05
6208.00  4.49010e-05
6209.00  4.39333e-05
6210.00  4.80478e-05
6211.00  4.55213e-05
6212.00  4.43931e-05
6213.00  4.49158e-05
6214.00  4.44943e-05
6215.00  4.43276e-05
6216.00  4.54463e-05
6217.00  4.55703e-05
6218.00  4.79602e-05
6219.00  4.34228e-05
6220.00  4.06518e-05
6221.00  4.37313e-05
6222.00  4.58646e-05
6223.00  4.41079e-05
6224.00  2.39459e-05
6225.00  3.92557e-05
6226.00  4.42544e-05
6227.00  4.47413e-05
6228.00  4.60572e-05
6229.00  4.67836e-05
6230.00  4.54541e-05
6231.00  3.07391e-05
6232.00  4.37066e-05
6233.00  4.48425e-05
6234.00  4.17763e-05
6235.00  4.40731e-05
6236.00  4.22052e-05
6237.00  4.43068e-05
6238.00  4.63155e-05
6239.00  4.34292e-05
6240.00  3.98670e-05
6241.00  4.61115e-05
6242.00  4.15123e-05
6243.00  3.93492e-05
6244.00  4.23944e-05
6245.00  4.31870e-05
6246.00  4.20317e-05
6247.00  4.36401e-05
6248.00  4.39230e-05
6249.00  4.04979e-05
6250.00  4.18100e-05
6251.00  4.30433e-05
6252.00  4.68405e-05
6253.00  4.29486e-05
6254.00  4.23876e-05
6255.00  4.39577e-05
6256.00  4.74763e-05
6257.00  4.17168e-05
6258.00  3.85488e-05
6259.00  3.70892e-05
6260.00  4.43585e-05
6261.00  3.75858e-05
6262.00  4.44086e-05
6263.00  4.44424e-05
6264.00  4.17389e-05
6265.00  3.94496e-05
6266.00  3.77474e-05
6267.00  4.62779e-05
6268.00  4.48841e-05
6269.00  4.02473e-05
6270.00  3.89470e-05
6271.00  4.72626e-05
6272.00  4.03256e-05
6273.00  3.83845e-05
6274.00  4.32920e-05
6275.00  4.34245e-05
6276.00  4.54991e-05
6277.00  4.35704e-05
6278.00  4.54049e-05
6279.00  3.16987e-05
6280.00  4.62217e-05
6281.00  4.40402e-05
6282.00  4.21838e-05
6283.00  4.63668e-05
6284.00  4.70704e-05
6285.00  4.46965e-05
6286.00  4.41845e-05
6287.00  4.47729e-05
6288.00  4.49953e-05
6289.00  4.37581e-05
6290.00  4.45210e-05
6291.00  1.97554e-05
6292.00  4.43948e-05
6293.00  4.12712e-05
6294.00  4.21512e-05
6295.00  4.52502e-05
6296.00  4.31015e-05
6297.00  4.35093e-05
6298.00  4.33973e-05
6299.00  4.58138e-05
6300.00  4.57140e-05
6301.00  4.49188e-05
6302.00  4.54757e-05
6303.00  4.74874e-05
6304.00  4.60464e-05
6305.00  4.50193e-05
6306.00  3.95618e-05
6307.00  4.35766e-05
6308.00  4.46767e-05
6309.00  4.28271e-05
6310.00  4.10721e-05
6311.00  4.47961e-05
6312.00  4.49210e-05
6313.00  3.55975e-05
6314.00  4.35813e-05
6315.00  4.27486e-05
6316.00  4.44224e-05
6317.00  4.74332e-05
6318.00  9.96595e-06
6319.00  4.50214e-05
6320.00  4.50628e-05
6321.00  4.76194e-05
6322.00  4.33684e-05
6323.00  4.65419e-05
6324.00  4.51703e-05
6325.00  4.36116e-05
6326.00  4.65361e-05
6327.00  4.21336e-05
6328.00  4.64979e-05
6329.00  4.42641e-05
6330.00  3.80050e-05
6331.00  4.51451e-05
6332.00  2.83815e-05
6333.00  4.66058e-05
6334.00  4.54598e-05
6335.00  4.56652e-05
6336.00  4.59336e-05
6337.00  4.12167e-05
6338.00  4.51985e-05
6339.00  4.36081e-05
6340.00  4.22212e-05
6341.00  4.56592e-05
6342.00  4.55664e-05
6343.00  4.56757e-05
6344.00  4.00841e-05
6345.00  4.58718e-05
6346.00  4.08766e-05
6347.00  3.97628e-05
6348.00  4.54087e-05
6349.00  4.45670e-05
6350.00  4.54350e-05
6351.00  4.52840e-05
6352.00  4.40311e-05
6353.00  4.44174e-05
6354.00  4.54237e-05
6355.00  1.41971e-05
6356.00  4.16476e-05
6357.00  4.60908e-05
6358.00  4.28872e-05
6359.00  4.57291e-05
6360.00  4.68822e-05
6361.00  4.71582e-05
6362.00  4.43278e-05
6363.00  4.41893e-05
6364.00  4.56311e-05
6365.00  4.51379e-05
6366.00  4.85048e-05
6367.00  4.45322e-05
6368.00  4.25138e-05
6369.00  4.44969e-05
6370.00  4.41109e-05
6371.00  4.53353e-05
6372.00  4.61860e-05
6373.00  4.46731e-05
6374.00  4.58642e-05
6375.00  4.30348e-05
6376.00  4.58958e-05
6377.00  4.61507e-05
6378.00  4.55524e-05
6379.00  4.33519e-05
6380.00  4.85213e-05
6381.00  4.73766e-05
6382.00  4.77636e-05
6383.00  4.35244e-05
6384.00  4.42887e-05
6385.00  4.50888e-05
6386.00  4.71918e-05
6387.00  4.49448e-05
6388.00  4.51427e-05
6389.00  4.75409e-05
6390.00  4.88303e-05
6391.00  4.38425e-05
6392.00  3.89110e-05
6393.00  4.51598e-05
6394.00  4.60661e-05
6395.00  4.48498e-05
6396.00  4.66637e-05
6397.00  4.76326e-05
6398.00  3.93043e-05
6399.00  4.43656e-05
6400.00  8.53261e-06
6401.00  4.65845e-05
6402.00  4.24682e-05
6403.00  4.30790e-05
6404.00  4.77241e-05
6405.00  4.40833e-05
6406.00  4.62139e-05
6407.00  4.56307e-05
6408.00  1.17109e-05
6409.00  4.67301e-05
6410.00  5.19764e-05
6411.00  4.78339e-05
6412.00  4.74193e-05
6413.00  4.73033e-05
6414.00  4.65332e-05
6415.00  2.77279e-05
6416.00  4.71244e-05
6417.00  3.07959e-05
6418.00  4.71519e-05
6419.00  4.20565e-05
6420.00  1.86636e-05
6421.00  4.82794e-05
6422.00  4.96140e-05
6423.00  4.80381e-05
6424.00  4.69655e-05
6425.00  4.54673e-05
6426.00  4.65496e-05
6427.00  4.81219e-05
6428.00  4.69002e-05
6429.00  4.61463e-05
6430.00  4.65582e-05
6431.00  4.47495e-05
6432.00  3.85264e-05
6433.00  4.76027e-05
6434.00  4.44988e-05
6435.00  3.09429e-05
6436.00  4.67084e-05
6437.00  4.57503e-05
6438.00  4.42559e-05
6439.00  1.05907e-05
6440.00  4.86236e-05
6441.00  4.86895e-05
6442.00  4.88854e-05
6443.00  4.36774e-05
6444.00  4.45238e-05
6445.00  4.58510e-05
6446.00  5.02697e-05
6447.00  4.75468e-05
6448.00  4.55906e-05
6449.00  4.45171e-05
6450.00  3.89074e-05
6451.00  4.94697e-05
6452.00  4.74493e-05
6453.00  4.63085e-05
6454.00  4.70070e-05
6455.00  2.94816e-05
6456.00  4.81640e-05
6457.00  4.70253e-05
6458.00  4.77886e-05
6459.00  4.73656e-05
6460.00  4.87867e-05
6461.00  4.71607e-05
6462.00  4.73827e-05
6463.00  4.41331e-05
6464.00  5.13916e-05
6465.00  4.95584e-05
6466.00  4.75650e-05
6467.00  3.91372e-05
6468.00  4.80848e-05
6469.00  4.50117e-05
6470.00  4.74791e-05
6471.00  5.14188e-05
6472.00  5.41179e-05
6473.00  4.77151e-05
6474.00  4.85848e-05
6475.00  4.88273e-05
6476.00  4.80630e-05
6477.00  4.63358e-05
6478.00  4.71567e-05
6479.00  4.80501e-05
6480.00  4.70045e-05
6481.00  4.65146e-05
