5995.00  5.04640e-04
5981.00  5.30756e-04
5982.00  4.93118e-04
5983.00  5.19924e-04
5984.00  5.59281e-04
5985.00  5.31577e-04
5986.00  5.26373e-04
5987.00  2.95218e-04
5988.00  5.22670e-04
5989.00  4.94367e-04
5990.00  5.14945e-04
5991.00  3.74043e-04
5992.00  5.15111e-04
5993.00  5.15496e-04
5994.00  5.01248e-04
5995.00  5.04640e-04
5996.00  3.94378e-04
5997.00  5.11834e-04
5998.00  4.59041e-04
5999.00  4.20030e-04
6000.00  5.18817e-04
6001.00  5.06034e-04
6002.00  5.28771e-04
6003.00  1.40818e-04
6004.00  4.80387e-04
6005.00  4.99008e-04
6006.00  5.43239e-04
6007.00  5.37852e-04
6008.00  2.04072e-04
6009.00  5.88835e-04
6010.00  5.27524e-04
6011.00  5.37082e-04
6012.00  5.11799e-04
6013.00  5.18272e-04
6014.00  5.34060e-04
6015.00  5.05594e-04
6016.00  5.28791e-04
6017.00  4.80152e-04
6018.00  5.17262e-04
6019.00  5.05055e-04
6020.00  5.20421e-04
6021.00  5.37791e-04
6022.00  5.26726e-04
6023.00  5.16395e-04
6024.00  1.68320e-04
6025.00  5.32042e-04
6026.00  5.34037e-04
6027.00  2.18240e-04
6028.00  5.41023e-04
6029.00  4.47579e-04
6030.00  5.30868e-04
6031.00  5.14485e-04
6032.00  5.06183e-04
6033.00  5.21400e-04
6034.00  4.58510e-04
6035.00  5.07232e-04
6036.00  5.35785e-04
6037.00  4.60025e-04
6038.00  5.34814e-04
6039.00  5.36753e-04
6040.00  5.13288e-04
6041.00  5.13171e-04
6042.00  4.25412e-04
6043.00  5.24299e-04
6044.00  5.23146e-04
6045.00  5.37719e-04
6046.00  4.83878e-04
6047.00  5.37489e-04
6048.00  5.34717e-04
6049.00  5.35619e-04
6050.00  5.26345e-04
6051.00  5.36917e-04
6052.00  5.27443e-04
6053.00  5.26472e-04
6054.00  4.92849e-04
6055.00  5.22141e-04
6056.00  1.63996e-04
6057.00  5.30938e-04
6058.00  5.19514e-04
6059.00  5.07773e-04
6060.00  5.36785e-04
6061.00  5.06728e-04
6062.00  5.21270e-04
6063.00  4.60429e-04
6064.00  5.48607e-04
6065.00  5.27885e-04
6066.00  5.26094e-04
6067.00  5.13436e-04
6068.00  5.03849e-04
6069.00  5.61193e-04
6070.00  5.25263e-04
6071.00  5.42582e-04
6072.00  5.18931e-04
6073.00  5.50475e-04
6074.00  5.09387e-04
6075.00  5.24150e-04
6076.00  5.26448e-04
6077.00  5.01734e-04
6078.00  5.31261e-04
6079.00  1.70744e-04
6080.00  4.44995e-04
6081.00  5.24496e-04
6082.00  5.71739e-04
6083.00  5.25823e-04
6084.00  5.24815e-04
6085.00  5.16752e-04
6086.00  5.27999e-04
6087.00  5.06917e-04
6088.00  5.23386e-04
6089.00  5.39530e-04
6090.00  5.08788e-04
6091.00  5.13554e-04
6092.00  4.74035e-04
6093.00  5.69058e-04
6094.00  5.12212e-04
6095.00  5.53911e-04
6096.00  5.18628e-04
6097.00  5.47125e-04
6098.00  5.94964e-04
6099.00  5.11181e-04
6100.00  5.27554e-04
6101.00  5.04512e-04
6102.00  5.54026e-04
6103.00  5.13713e-04
6104.00  4.23710e-04
6105.00  5.13367e-04
6106.00  5.21055e-04
6107.00  5.13836e-04
6108.00  4.99780e-04
6109.00  5.64149e-04
6110.00  5.34843e-04
6111.00  4.48564e-04
6112.00  5.32218e-04
6113.00  4.66060e-04
6114.00  5.33575e-04
6115.00  5.32560e-04
6116.00  5.08117e-04
6117.00  3.78178e-04
6118.00  5.45672e-04
6119.00  5.55694e-04
6120.00  5.26058e-04
6121.00  3.62360e-04
6122.00  4.96005e-04
6123.00  5.36407e-04
6124.00  5.32877e-04
6125.00  2.57448e-04
6126.00  5.79318e-04
6127.00  5.48394e-04
6128.00  4.72697e-04
6129.00  2.99899e-04
6130.00  5.44560e-04
6131.00  5.30196e-04
6132.00  5.39454e-04
6133.00  5.54887e-04
6134.00  5.03056e-04
6135.00  4.94332e-04
6136.00  5.28328e-04
6137.00  1.40287e-04
6138.00  5.43060e-04
6139.00  5.35222e-04
6140.00  5.42863e-04
6141.00  5.30878e-04
6142.00  5.07661e-04
6143.00  5.10476e-04
6144.00  5.32559e-04
6145.00  2.30133e-04
6146.00  5.24163e-04
6147.00  5.59162e-04
6148.00  5.30030e-04
6149.00  5.53819e-04
6150.00  5.22701e-04
6151.00  5.34259e-04
6152.00  5.57082e-04
6153.00  5.28658e-04
6154.00  5.14014e-04
6155.00  4.92229e-04
6156.00  3.27942e-04
6157.00  5.37787e-04
6158.00  5.06798e-04
6159.00  4.98371e-04
6160.00  5.11481e-04
6161.00  5.15314e-04
6162.00  4.50729e-04
6163.00  4.98518e-04
6164.00  4.99311e-04
6165.00  5.05588e-04
6166.00  4.65904e-04
6167.00  4.98530e-04
6168.00  5.17574e-04
6169.00  1.30106e-04
6170.00  5.03411e-04
6171.00  4.36835e-04
6172.00  4.88843e-04
6173.00  4.91437e-04
6174.00  5.40030e-04
6175.00  4.92945e-04
6176.00  5.02778e-04
6177.00  5.13821e-04
6178.00  5.31894e-04
6179.00  5.31230e-04
6180.00  4.41121e-04
6181.00  4.82877e-04
6182.00  5.15002e-04
6183.00  5.57536e-04
6184.00  5.29300e-04
6185.00  5.38747e-04
6186.00  5.06626e-04
6187.00  4.83044e-04
6188.00  2.11458e-04
6189.00  3.49778e-04
6190.00  4.93115e-04
6191.00  5.21488e-04
6192.00  5.00362e-04
6193.00  4.76522e-04
6194.00  4.90155e-04
6195.00  4.92043e-04
6196.00  4.84420e-04
6197.00  4.71306e-04
6198.00  5.25488e-04
6199.00  4.98250e-04
6200.00  5.07695e-04
6201.00  5.32887e-04
6202.00  5.21458e-04
6203.00  5.11429e-04
6204.00  4.91849e-04
6205.00  4.87223e-04
6206.00  4.89961e-04
6207.00  5.20187e-04
6208.00  4.90708e-04
6209.00  4.81926e-04
6210.00  5.27581e-04
6211.00  4.86899e-04
6212.00  4.82409e-04
6213.00  4.86976e-04
6214.00  4.82436e-04
6215.00  4.63101e-04
6216.00  4.85806e-04
6217.00  4.87386e-04
6218.00  5.28377e-04
6219.00  4.71705e-04
6220.00  4.02969e-04
6221.00  4.84420e-04
6222.00  4.89135e-04
6223.00  4.78900e-04
6224.00  2.68569e-04
6225.00  4.18943e-04
6226.00  4.77483e-04
6227.00  4.80545e-04
6228.00  4.92712e-04
6229.00  5.15883e-04
6230.00  4.93501e-04
6231.00  3.58888e-04
6232.00  4.75059e-04
6233.00  4.85818e-04
6234.00  4.64459e-04
6235.00  4.79489e-04
6236.00  4.67473e-04
6237.00  4.76661e-04
6238.00  4.96704e-04
6239.00  4.71213e-04
6240.00  4.24303e-04
6241.00  4.93500e-04
6242.00  4.59004e-04
6243.00  4.54428e-04
6244.00  4.62155e-04
6245.00  4.65720e-04
6246.00  4.61047e-04
6247.00  4.71493e-04
6248.00  4.74356e-04
6249.00  4.45150e-04
6250.00  4.59322e-04
6251.00  4.66985e-04
6252.00  5.10982e-04
6253.00  4.66584e-04
6254.00  4.61009e-04
6255.00  4.79617e-04
6256.00  5.18056e-04
6257.00  4.61285e-04
6258.00  4.05835e-04
6259.00  4.38656e-04
6260.00  4.79686e-04
6261.00  3.97573e-04
6262.00  4.76114e-04
6263.00  4.75991e-04
6264.00  4.61966e-04
6265.00  4.49827e-04
6266.00  4.02054e-04
6267.00  5.22529e-04
6268.00  4.78812e-04
6269.00  4.40013e-04
6270.00  4.18656e-04
6271.00  5.14023e-04
6272.00  4.45644e-04
6273.00  4.26117e-04
6274.00  4.63940e-04
6275.00  4.69800e-04
6276.00  4.84562e-04
6277.00  4.70484e-04
6278.00  4.83945e-04
6279.00  3.48183e-04
6280.00  5.04260e-04
6281.00  4.72846e-04
6282.00  4.63790e-04
6283.00  4.99228e-04
6284.00  5.15578e-04
6285.00  4.76681e-04
6286.00  4.72622e-04
6287.00  4.78278e-04
6288.00  4.78158e-04
6289.00  4.69916e-04
6290.00  4.74727e-04
6291.00  2.19195e-04
6292.00  4.74871e-04
6293.00  4.49174e-04
6294.00  4.54739e-04
6295.00  4.85783e-04
6296.00  4.62465e-04
6297.00  4.71161e-04
6298.00  4.65148e-04
6299.00  4.88892e-04
6300.00  4.88439e-04
6301.00  4.77750e-04
6302.00  4.93624e-04
6303.00  5.18387e-04
6304.00  5.05669e-04
6305.00  4.81814e-04
6306.00  4.60603e-04
6307.00  4.66447e-04
6308.00  4.75400e-04
6309.00  4.61992e-04
6310.00  4.47094e-04
6311.00  4.80107e-04
6312.00  4.77515e-04
6313.00  4.19515e-04
6314.00  4.68361e-04
6315.00  4.72479e-04
6316.00  4.72777e-04
6317.00  5.19242e-04
6318.00  1.11200e-04
6319.00  4.78223e-04
6320.00  4.79308e-04
6321.00  5.22808e-04
6322.00  4.64996e-04
6323.00  5.05010e-04
6324.00  4.89453e-04
6325.00  4.68709e-04
6326.00  5.04797e-04
6327.00  4.65828e-04
6328.00  5.02732e-04
6329.00  4.70396e-04
6330.00  4.42677e-04
6331.00  4.80995e-04
6332.00  2.35973e-04
6333.00  5.04828e-04
6334.00  4.89033e-04
6335.00  4.90560e-04
6336.00  4.98785e-04
6337.00  4.52492e-04
6338.00  4.83854e-04
6339.00  4.71155e-04
6340.00  4.80545e-04
6341.00  4.88557e-04
6342.00  4.89392e-04
6343.00  4.97165e-04
6344.00  4.42723e-04
6345.00  4.93896e-04
6346.00  4.53017e-04
6347.00  4.02862e-04
6348.00  4.84677e-04
6349.00  4.71773e-04
6350.00  4.84625e-04
6351.00  4.82119e-04
6352.00  4.72346e-04
6353.00  4.56738e-04
6354.00  4.84536e-04
6355.00  1.59956e-04
6356.00  4.60682e-04
6357.00  4.99250e-04
6358.00  4.78723e-04
6359.00  4.91211e-04
6360.00  5.11148e-04
6361.00  5.13656e-04
6362.00  4.69031e-04
6363.00  5.12154e-04
6364.00  4.90025e-04
6365.00  4.92667e-04
6366.00  5.41405e-04
6367.00  4.71895e-04
6368.00  4.70546e-04
6369.00  4.97825e-04
6370.00  4.78278e-04
6371.00  4.97071e-04
6372.00  4.97784e-04
6373.00  4.74963e-04
6374.00  4.95074e-04
6375.00  4.35366e-04
6376.00  4.94580e-04
6377.00  5.04608e-04
6378.00  4.87704e-04
6379.00  4.76695e-04
6380.00  5.37914e-04
6381.00  5.24646e-04
6382.00  5.32927e-04
6383.00  4.71007e-04
6384.00  4.78035e-04
6385.00  4.89273e-04
6386.00  5.17680e-04
6387.00  4.96262e-04
6388.00  4.80536e-04
6389.00  5.25125e-04
6390.00  5.37358e-04
6391.00  4.37975e-04
6392.00  3.72232e-04
6393.00  4.98932e-04
6394.00  5.09468e-04
6395.00  4.81681e-04
6396.00  5.07859e-04
6397.00  5.25639e-04
6398.00  4.49393e-04
6399.00  4.78089e-04
6400.00  9.08400e-05
6401.00  5.10393e-04
6402.00  4.80450e-04
6403.00  4.63354e-04
6404.00  5.28187e-04
6405.00  4.76550e-04
6406.00  5.07662e-04
6407.00  4.94421e-04
6408.00  1.25898e-04
6409.00  5.08847e-04
6410.00  5.63973e-04
6411.00  5.31340e-04
6412.00  5.23568e-04
6413.00  5.19925e-04
6414.00  5.13625e-04
6415.00  2.31602e-04
6416.00  5.27790e-04
6417.00  3.37565e-04
6418.00  5.17588e-04
6419.00  4.67848e-04
6420.00  1.94794e-04
6421.00  5.36054e-04
6422.00  5.48957e-04
6423.00  5.31034e-04
6424.00  5.16667e-04
6425.00  4.92089e-04
6426.00  5.11751e-04
6427.00  5.32443e-04
6428.00  5.10868e-04
6429.00  4.99601e-04
6430.00  5.10930e-04
6431.00  5.03817e-04
6432.00  4.41673e-04
6433.00  5.24601e-04
6434.00  5.05463e-04
6435.00  3.77782e-04
6436.00  5.12172e-04
6437.00  4.94098e-04
6438.00  5.17725e-04
6439.00  1.04636e-04
6440.00  5.39991e-04
6441.00  5.34682e-04
6442.00  5.41495e-04
6443.00  4.60758e-04
6444.00  5.00756e-04
6445.00  4.99420e-04
6446.00  5.52617e-04
6447.00  5.26315e-04
6448.00  5.01572e-04
6449.00  5.08805e-04
6450.00  4.13799e-04
6451.00  5.45105e-04
6452.00  5.22720e-04
6453.00  5.02244e-04
6454.00  5.16522e-04
6455.00  3.27546e-04
6456.00  5.15798e-04
6457.00  5.12656e-04
6458.00  5.28228e-04
6459.00  5.26849e-04
6460.00  5.40928e-04
6461.00  4.96897e-04
6462.00  5.26362e-04
6463.00  5.02571e-04
6464.00  5.59789e-04
6465.00  5.46035e-04
6466.00  5.24535e-04
6467.00  4.56510e-04
6468.00  5.30385e-04
6469.00  4.91075e-04
6470.00  5.24457e-04
6471.00  5.58863e-04
6472.00  5.77912e-04
6473.00  5.25820e-04
6474.00  5.37169e-04
6475.00  5.38734e-04
6476.00  5.30240e-04
6477.00  5.03532e-04
6478.00  5.24676e-04
6479.00  5.24559e-04
6480.00  5.15418e-04
6481.00  5.30130e-04
