5995.00  5.95711e-04
5981.00  6.20329e-04
5982.00  5.52301e-04
5983.00  6.13358e-04
5984.00  6.33481e-04
5985.00  6.19273e-04
5986.00  6.18397e-04
5987.00  3.18984e-04
5988.00  6.15795e-04
5989.00  5.80385e-04
5990.00  6.08965e-04
5991.00  3.83020e-04
5992.00  5.98887e-04
5993.00  5.94213e-04
5994.00  5.75971e-04
5995.00  5.95711e-04
5996.00  4.58026e-04
5997.00  6.05078e-04
5998.00  5.76242e-04
5999.00  4.97050e-04
6000.00  6.10626e-04
6001.00  5.90994e-04
6002.00  6.16595e-04
6003.00  1.47242e-04
6004.00  5.48584e-04
6005.00  5.44756e-04
6006.00  6.19747e-04
6007.00  6.21859e-04
6008.00  2.18592e-04
6009.00  6.48001e-04
6010.00  6.18425e-04
6011.00  6.23408e-04
6012.00  6.06096e-04
6013.00  6.09500e-04
6014.00  6.15785e-04
6015.00  5.94396e-04
6016.00  5.95720e-04
6017.00  5.52130e-04
6018.00  6.06962e-04
6019.00  5.97199e-04
6020.00  6.09025e-04
6021.00  6.19703e-04
6022.00  6.15452e-04
6023.00  5.86503e-04
6024.00  1.80569e-04
6025.00  6.17277e-04
6026.00  6.19712e-04
6027.00  2.30282e-04
6028.00  6.24328e-04
6029.00  4.96087e-04
6030.00  6.19347e-04
6031.00  5.90101e-04
6032.00  5.98688e-04
6033.00  6.11855e-04
6034.00  5.15617e-04
6035.00  5.93746e-04
6036.00  6.17029e-04
6037.00  5.75744e-04
6038.00  6.19742e-04
6039.00  6.19435e-04
6040.00  6.06310e-04
6041.00  6.01519e-04
6042.00  4.78996e-04
6043.00  6.14790e-04
6044.00  6.07661e-04
6045.00  6.18697e-04
6046.00  5.72401e-04
6047.00  5.95476e-04
6048.00  6.15800e-04
6049.00  6.17088e-04
6050.00  6.10919e-04
6051.00  6.11028e-04
6052.00  6.14855e-04
6053.00  6.01592e-04
6054.00  5.76734e-04
6055.00  6.09841e-04
6056.00  1.73686e-04
6057.00  6.10883e-04
6058.00  6.10025e-04
6059.00  5.98201e-04
6060.00  6.18396e-04
6061.00  5.97340e-04
6062.00  6.11333e-04
6063.00  5.29587e-04
6064.00  6.26823e-04
6065.00  6.14500e-04
6066.00  6.08307e-04
6067.00  6.06406e-04
6068.00  5.91908e-04
6069.00  6.31995e-04
6070.00  5.92679e-04
6071.00  6.23419e-04
6072.00  6.03988e-04
6073.00  6.23801e-04
6074.00  5.94198e-04
6075.00  5.97177e-04
6076.00  6.12434e-04
6077.00  6.00749e-04
6078.00  6.00621e-04
6079.00  1.78995e-04
6080.00  5.60556e-04
6081.00  6.10002e-04
6082.00  6.36618e-04
6083.00  6.12887e-04
6084.00  6.04042e-04
6085.00  6.04473e-04
6086.00  6.13281e-04
6087.00  5.81518e-04
6088.00  6.09595e-04
6089.00  6.01067e-04
6090.00  5.84935e-04
6091.00  6.01982e-04
6092.00  5.83252e-04
6093.00  6.31163e-04
6094.00  6.04292e-04
6095.00  6.25855e-04
6096.00  6.04630e-04
6097.00  6.07515e-04
6098.00  6.49152e-04
6099.00  5.94940e-04
6100.00  6.04220e-04
6101.00  5.99995e-04
6102.00  6.17493e-04
6103.00  5.93634e-04
6104.00  5.49538e-04
6105.00  6.04504e-04
6106.00  5.89810e-04
6107.00  5.55587e-04
6108.00  5.57880e-04
6109.00  6.27777e-04
6110.00  6.16456e-04
6111.00  4.94966e-04
6112.00  6.11580e-04
6113.00  5.58813e-04
6114.00  6.13100e-04
6115.00  6.14402e-04
6116.00  5.73543e-04
6117.00  3.86521e-04
6118.00  6.18410e-04
6119.00  6.21150e-04
6120.00  6.06171e-04
6121.00  4.29370e-04
6122.00  5.81743e-04
6123.00  6.16754e-04
6124.00  6.14271e-04
6125.00  3.71799e-04
6126.00  6.33701e-04
6127.00  6.22588e-04
6128.00  5.22699e-04
6129.00  3.07020e-04
6130.00  6.19688e-04
6131.00  6.09733e-04
6132.00  6.09423e-04
6133.00  6.23999e-04
6134.00  5.50686e-04
6135.00  5.75419e-04
6136.00  6.07525e-04
6137.00  1.41823e-04
6138.00  6.11307e-04
6139.00  6.13705e-04
6140.00  6.18331e-04
6141.00  5.83410e-04
6142.00  5.73635e-04
6143.00  6.00754e-04
6144.00  6.12476e-04
6145.00  3.35385e-04
6146.00  6.07342e-04
6147.00  6.13011e-04
6148.00  6.10242e-04
6149.00  6.21035e-04
6150.00  6.03005e-04
6151.00  6.12423e-04
6152.00  6.22047e-04
6153.00  6.10115e-04
6154.00  5.89712e-04
6155.00  5.89898e-04
6156.00  4.30227e-04
6157.00  6.14959e-04
6158.00  5.94049e-04
6159.00  5.82769e-04
6160.00  5.81882e-04
6161.00  5.98185e-04
6162.00  5.32451e-04
6163.00  5.86914e-04
6164.00  5.86955e-04
6165.00  5.92585e-04
6166.00  5.29789e-04
6167.00  5.87220e-04
6168.00  5.97557e-04
6169.00  1.64472e-04
6170.00  5.93521e-04
6171.00  4.76714e-04
6172.00  5.74571e-04
6173.00  5.70190e-04
6174.00  6.14385e-04
6175.00  5.63587e-04
6176.00  5.93105e-04
6177.00  5.89926e-04
6178.00  6.09740e-04
6179.00  6.07102e-04
6180.00  5.00916e-04
6181.00  5.60433e-04
6182.00  6.00767e-04
6183.00  6.09328e-04
6184.00  5.93360e-04
6185.00  6.08128e-04
6186.00  5.90058e-04
6187.00  5.66639e-04
6188.00  2.24639e-04
6189.00  3.59561e-04
6190.00  5.82795e-04
6191.00  5.90484e-04
6192.00  5.68217e-04
6193.00  5.41342e-04
6194.00  5.79704e-04
6195.00  5.84560e-04
6196.00  5.70756e-04
6197.00  5.52338e-04
6198.00  5.95361e-04
6199.00  5.88196e-04
6200.00  5.93587e-04
6201.00  5.82527e-04
6202.00  6.02112e-04
6203.00  5.80442e-04
6204.00  5.83362e-04
6205.00  5.74138e-04
6206.00  5.81474e-04
6207.00  5.99509e-04
6208.00  5.63910e-04
6209.00  5.53475e-04
6210.00  6.02605e-04
6211.00  5.76455e-04
6212.00  5.59802e-04
6213.00  5.66842e-04
6214.00  5.62177e-04
6215.00  5.60703e-04
6216.00  5.75134e-04
6217.00  5.76821e-04
6218.00  6.00666e-04
6219.00  5.49561e-04
6220.00  5.09610e-04
6221.00  5.49239e-04
6222.00  5.80487e-04
6223.00  5.57360e-04
6224.00  2.92551e-04
6225.00  4.91008e-04
6226.00  5.60094e-04
6227.00  5.66726e-04
6228.00  5.82321e-04
6229.00  5.86444e-04
6230.00  5.71466e-04
6231.00  3.74713e-04
6232.00  5.52591e-04
6233.00  5.65100e-04
6234.00  5.26084e-04
6235.00  5.56063e-04
6236.00  5.31907e-04
6237.00  5.61175e-04
6238.00  5.84821e-04
6239.00  5.49723e-04
6240.00  4.99828e-04
6241.00  5.82733e-04
6242.00  5.23296e-04
6243.00  4.91702e-04
6244.00  5.35348e-04
6245.00  5.45985e-04
6246.00  5.31048e-04
6247.00  5.52554e-04
6248.00  5.55639e-04
6249.00  5.10493e-04
6250.00  5.27318e-04
6251.00  5.44602e-04
6252.00  5.88734e-04
6253.00  5.43446e-04
6254.00  5.35977e-04
6255.00  5.53314e-04
6256.00  5.95861e-04
6257.00  5.25891e-04
6258.00  4.75760e-04
6259.00  4.61065e-04
6260.00  5.59552e-04
6261.00  4.67922e-04
6262.00  5.62252e-04
6263.00  5.62658e-04
6264.00  5.25857e-04
6265.00  4.92037e-04
6266.00  4.70534e-04
6267.00  5.75165e-04
6268.00  5.68189e-04
6269.00  5.06870e-04
6270.00  4.88278e-04
6271.00  5.93336e-04
6272.00  5.06211e-04
6273.00  4.77907e-04
6274.00  5.47288e-04
6275.00  5.48976e-04
6276.00  5.75357e-04
6277.00  5.51096e-04
6278.00  5.74252e-04
6279.00  3.91070e-04
6280.00  5.80055e-04
6281.00  5.57044e-04
6282.00  5.30641e-04
6283.00  5.84243e-04
6284.00  5.89045e-04
6285.00  5.65606e-04
6286.00  5.59329e-04
6287.00  5.65654e-04
6288.00  5.68957e-04
6289.00  5.53929e-04
6290.00  5.63538e-04
6291.00  2.37446e-04
6292.00  5.61062e-04
6293.00  5.19265e-04
6294.00  5.30435e-04
6295.00  5.70878e-04
6296.00  5.44022e-04
6297.00  5.47351e-04
6298.00  5.48290e-04
6299.00  5.78144e-04
6300.00  5.77066e-04
6301.00  5.68094e-04
6302.00  5.71623e-04
6303.00  5.94543e-04
6304.00  5.76445e-04
6305.00  5.67903e-04
6306.00  4.91981e-04
6307.00  5.50477e-04
6308.00  5.65009e-04
6309.00  5.41514e-04
6310.00  5.11530e-04
6311.00  5.65402e-04
6312.00  5.67810e-04
6313.00  4.37862e-04
6314.00  5.50574e-04
6315.00  5.30610e-04
6316.00  5.62038e-04
6317.00  5.93225e-04
6318.00  1.13158e-04
6319.00  5.69060e-04
6320.00  5.69382e-04
6321.00  5.95057e-04
6322.00  5.48555e-04
6323.00  5.84185e-04
6324.00  5.67432e-04
6325.00  5.50691e-04
6326.00  5.84016e-04
6327.00  5.28063e-04
6328.00  5.84177e-04
6329.00  5.59990e-04
6330.00  4.70468e-04
6331.00  5.69949e-04
6332.00  3.48294e-04
6333.00  5.85063e-04
6334.00  5.71887e-04
6335.00  5.74853e-04
6336.00  5.72654e-04
6337.00  5.18927e-04
6338.00  5.69420e-04
6339.00  5.47818e-04
6340.00  5.23040e-04
6341.00  5.75292e-04
6342.00  5.72942e-04
6343.00  5.71543e-04
6344.00  4.99254e-04
6345.00  5.77160e-04
6346.00  5.12942e-04
6347.00  4.94543e-04
6348.00  5.72482e-04
6349.00  5.63194e-04
6350.00  5.72638e-04
6351.00  5.71036e-04
6352.00  5.54621e-04
6353.00  5.57396e-04
6354.00  5.72443e-04
6355.00  1.65073e-04
6356.00  5.21275e-04
6357.00  5.78211e-04
6358.00  5.34559e-04
6359.00  5.75063e-04
6360.00  5.85803e-04
6361.00  5.89216e-04
6362.00  5.60101e-04
6363.00  5.40311e-04
6364.00  5.73860e-04
6365.00  5.65563e-04
6366.00  5.96957e-04
6367.00  5.62424e-04
6368.00  5.30488e-04
6369.00  5.52673e-04
6370.00  5.53666e-04
6371.00  5.66193e-04
6372.00  5.79578e-04
6373.00  5.63425e-04
6374.00  5.75358e-04
6375.00  5.40904e-04
6376.00  5.76564e-04
6377.00  5.76191e-04
6378.00  5.73092e-04
6379.00  5.41995e-04
6380.00  5.99632e-04
6381.00  5.87763e-04
6382.00  5.86200e-04
6383.00  5.46668e-04
6384.00  5.56187e-04
6385.00  5.64972e-04
6386.00  5.88465e-04
6387.00  5.60083e-04
6388.00  5.68389e-04
6389.00  5.90854e-04
6390.00  5.77686e-04
6391.00  5.45549e-04
6392.00  4.83436e-04
6393.00  5.59626e-04
6394.00  5.72879e-04
6395.00  5.63547e-04
6396.00  5.82963e-04
6397.00  5.91652e-04
6398.00  4.81978e-04
6399.00  5.56487e-04
6400.00  9.23288e-05
6401.00  5.80658e-04
6402.00  5.28013e-04
6403.00  5.40847e-04
6404.00  5.91011e-04
6405.00  5.53031e-04
6406.00  5.75610e-04
6407.00  5.34214e-04
6408.00  1.29921e-04
6409.00  5.83303e-04
6410.00  6.12147e-04
6411.00  5.88767e-04
6412.00  5.87865e-04
6413.00  5.87425e-04
6414.00  5.77990e-04
6415.00  3.30618e-04
6416.00  5.80470e-04
6417.00  3.68534e-04
6418.00  5.86485e-04
6419.00  5.22446e-04
6420.00  2.03756e-04
6421.00  5.93687e-04
6422.00  6.00269e-04
6423.00  5.93517e-04
6424.00  5.84240e-04
6425.00  5.68454e-04
6426.00  5.78608e-04
6427.00  5.93894e-04
6428.00  5.83720e-04
6429.00  5.77006e-04
6430.00  5.78649e-04
6431.00  5.45593e-04
6432.00  4.71551e-04
6433.00  5.89332e-04
6434.00  5.47757e-04
6435.00  3.78782e-04
6436.00  5.80947e-04
6437.00  5.72306e-04
6438.00  5.17833e-04
6439.00  1.22713e-04
6440.00  5.90620e-04
6441.00  5.74723e-04
6442.00  5.95087e-04
6443.00  5.32875e-04
6444.00  5.49181e-04
6445.00  5.71675e-04
6446.00  6.03392e-04
6447.00  5.83640e-04
6448.00  5.66569e-04
6449.00  5.45915e-04
6450.00  4.79242e-04
6451.00  5.91834e-04
6452.00  5.85065e-04
6453.00  5.77242e-04
6454.00  5.83750e-04
6455.00  3.42266e-04
6456.00  5.82228e-04
6457.00  5.82495e-04
6458.00  5.87261e-04
6459.00  5.82839e-04
6460.00  5.93086e-04
6461.00  5.76046e-04
6462.00  5.76527e-04
6463.00  5.39858e-04
6464.00  5.96392e-04
6465.00  5.99608e-04
6466.00  5.87165e-04
6467.00  4.63342e-04
6468.00  5.90904e-04
6469.00  5.58200e-04
6470.00  5.85462e-04
6471.00  6.02405e-04
6472.00  6.09069e-04
6473.00  5.88198e-04
6474.00  5.84077e-04
6475.00  5.94790e-04
6476.00  5.89701e-04
6477.00  5.76062e-04
6478.00  5.66123e-04
6479.00  5.63568e-04
6480.00  5.82272e-04
6481.00  5.44738e-04
