8415.00  4.08419e-04
8401.00  4.07061e-04
8402.00  3.63608e-04
8403.00  4.10517e-04
8404.00  4.12602e-04
8405.00  4.05266e-04
8406.00  4.11309e-04
8407.00  4.11652e-04
8408.00  3.53290e-04
8409.00  4.08766e-04
8410.00  3.67728e-04
8411.00  3.99676e-04
8412.00  4.06602e-04
8413.00  4.00876e-04
8414.00  2.91539e-04
8415.00  4.08419e-04
8416.00  4.07828e-04
8417.00  2.74147e-04
8418.00  4.07574e-04
8419.00  4.08815e-04
8420.00  3.80966e-04
8421.00  4.07029e-04
8422.00  4.08421e-04
8423.00  3.24541e-04
8424.00  4.05601e-04
8425.00  4.10683e-04
8426.00  3.29401e-04
8427.00  2.96494e-04
8428.00  4.03322e-04
8429.00  4.09383e-04
8430.00  2.96765e-04
8431.00  4.04730e-04
8432.00  4.08832e-04
8433.00  3.99812e-04
8434.00  4.04414e-04
8435.00  1.26489e-04
8436.00  3.98330e-04
8437.00  3.87505e-04
8438.00  3.89561e-04
8439.00  2.98418e-04
8440.00  3.96625e-04
8441.00  3.42280e-04
8442.00  4.05580e-04
8443.00  3.37687e-04
8444.00  2.46127e-04
8445.00  4.08968e-04
8446.00  4.03447e-04
8447.00  4.01111e-04
8448.00  3.99048e-04
8449.00  4.00322e-04
8450.00  2.98385e-04
8451.00  3.63431e-04
8452.00  4.05659e-04
8453.00  4.04050e-04
8454.00  4.01159e-04
8455.00  4.09802e-04
8456.00  3.16392e-04
8457.00  3.30983e-04
8458.00  4.04029e-04
8459.00  2.90155e-04
8460.00  4.01460e-04
8461.00  4.04314e-04
8462.00  4.01169e-04
8463.00  3.94773e-04
8464.00  3.26394e-04
8465.00  3.63459e-04
8466.00  3.45620e-04
8467.00  3.87119e-04
8468.00  3.87870e-04
8469.00  3.95024e-04
8470.00  3.43359e-04
8471.00  3.09624e-04
8472.00  3.97775e-04
8473.00  4.04392e-04
8474.00  3.99156e-04
8475.00  4.06299e-04
8476.00  4.04426e-04
8477.00  3.52401e-04
8478.00  4.07571e-04
8479.00  4.02887e-04
8480.00  3.31885e-04
8481.00  4.04320e-04
8482.00  2.22546e-04
8483.00  4.05420e-04
8484.00  4.01941e-04
8485.00  4.04129e-04
8486.00  3.95858e-04
8487.00  4.06715e-04
8488.00  2.92074e-04
8489.00  4.00404e-04
8490.00  4.01454e-04
8491.00  3.99441e-04
8492.00  4.00584e-04
8493.00  4.01675e-04
8494.00  3.93556e-04
8495.00  3.91994e-04
8496.00  2.80655e-04
8497.00  1.62397e-04
8498.00  7.57218e-05
8499.00  3.34464e-04
8500.00  3.63612e-04
8501.00  3.87435e-04
8502.00  3.80121e-04
8503.00  3.44697e-04
8504.00  3.19104e-04
8505.00  3.70719e-04
8506.00  3.92737e-04
8507.00  3.97598e-04
8508.00  3.94561e-04
8509.00  3.98719e-04
8510.00  3.49057e-04
8511.00  3.19991e-04
8512.00  3.32110e-04
8513.00  3.47588e-04
8514.00  1.06887e-04
8515.00  2.18789e-04
8516.00  3.92489e-04
8517.00  3.86570e-04
8518.00  2.53185e-04
8519.00  3.97008e-04
8520.00  4.00327e-04
8521.00  3.95369e-04
8522.00  3.60933e-04
8523.00  3.27425e-04
8524.00  4.01275e-04
8525.00  3.74683e-04
8526.00  2.87969e-04
8527.00  3.24132e-04
8528.00  3.99619e-04
8529.00  3.97655e-04
8530.00  3.88466e-04
8531.00  3.95889e-04
8532.00  3.61828e-04
8533.00  3.64932e-04
8534.00  3.51314e-04
8535.00  3.90240e-04
8536.00  3.25300e-04
8537.00  3.52296e-04
8538.00  3.46953e-04
8539.00  3.51224e-04
8540.00  3.26214e-04
8541.00  2.57492e-04
8542.00  7.55371e-05
8543.00  2.26470e-04
8544.00  3.15369e-04
8545.00  3.42440e-04
8546.00  3.40113e-04
8547.00  3.65108e-04
8548.00  2.83080e-04
8549.00  3.66697e-04
8550.00  3.81050e-04
8551.00  3.41627e-04
8552.00  3.90418e-04
8553.00  3.90505e-04
8554.00  3.96979e-04
8555.00  3.41969e-04
8556.00  3.77651e-04
8557.00  3.56161e-04
8558.00  3.97359e-04
8559.00  3.89593e-04
8560.00  3.79401e-04
8561.00  3.62461e-04
8562.00  3.93218e-04
8563.00  3.99048e-04
8564.00  4.00193e-04
8565.00  3.38705e-04
8566.00  4.01077e-04
8567.00  3.13484e-04
8568.00  4.03051e-04
8569.00  3.17079e-04
8570.00  4.01569e-04
8571.00  3.99818e-04
8572.00  3.77281e-04
8573.00  4.00881e-04
8574.00  3.98520e-04
8575.00  3.53693e-04
8576.00  3.99732e-04
8577.00  3.99789e-04
8578.00  3.60936e-04
8579.00  3.95776e-04
8580.00  3.87087e-04
8581.00  3.99727e-04
8582.00  3.98336e-04
8583.00  3.66874e-04
8584.00  3.87246e-04
8585.00  3.99925e-04
8586.00  3.50301e-04
8587.00  3.97971e-04
8588.00  3.75000e-04
8589.00  3.45419e-04
8590.00  3.93925e-04
8591.00  3.79732e-04
8592.00  3.87600e-04
8593.00  2.42506e-04
8594.00  3.81285e-04
8595.00  3.89630e-04
8596.00  2.63068e-04
8597.00  2.89437e-04
8598.00  3.69792e-04
8599.00  3.59135e-04
8600.00  3.74044e-04
8601.00  3.05057e-04
8602.00  3.88724e-04
8603.00  3.67138e-04
8604.00  3.79080e-04
8605.00  3.12177e-04
8606.00  3.47325e-04
8607.00  3.53270e-04
8608.00  3.95517e-04
8609.00  3.94460e-04
8610.00  3.78600e-04
8611.00  3.95139e-04
8612.00  3.79825e-04
8613.00  3.88123e-04
8614.00  2.97125e-04
8615.00  3.89094e-04
8616.00  3.94663e-04
8617.00  3.13027e-04
8618.00  3.86154e-04
8619.00  3.29483e-04
8620.00  3.95470e-04
8621.00  3.96648e-04
8622.00  3.23273e-04
8623.00  3.57754e-04
8624.00  3.98841e-04
8625.00  4.00565e-04
8626.00  3.99026e-04
8627.00  3.99229e-04
8628.00  3.99628e-04
8629.00  4.01529e-04
8630.00  3.60024e-04
8631.00  4.00688e-04
8632.00  3.41660e-04
8633.00  4.00147e-04
8634.00  3.88532e-04
8635.00  3.99090e-04
8636.00  3.94982e-04
8637.00  2.75645e-04
8638.00  3.99139e-04
8639.00  3.98341e-04
8640.00  3.76983e-04
8641.00  3.99048e-04
8642.00  3.29325e-04
8643.00  2.89201e-04
8644.00  3.71063e-04
8645.00  3.95249e-04
8646.00  3.71078e-04
8647.00  3.94136e-04
8648.00  3.81709e-04
8649.00  3.74311e-04
8650.00  3.85586e-04
8651.00  3.82787e-04
8652.00  3.21309e-04
8653.00  3.91862e-04
8654.00  3.04808e-04
8655.00  3.81128e-04
8656.00  3.82273e-04
8657.00  3.82735e-04
8658.00  3.66242e-04
8659.00  3.65124e-04
8660.00  3.45006e-04
8661.00  2.56920e-04
8662.00  7.67779e-05
8663.00  2.36647e-04
8664.00  3.24584e-04
8665.00  2.90944e-04
8666.00  3.55057e-04
8667.00  3.66906e-04
8668.00  3.72951e-04
8669.00  3.67204e-04
8670.00  3.81511e-04
8671.00  3.81579e-04
8672.00  3.04030e-04
8673.00  3.21396e-04
8674.00  3.65984e-04
8675.00  3.74510e-04
8676.00  3.90263e-04
8677.00  3.90299e-04
8678.00  3.90533e-04
8679.00  3.34768e-04
8680.00  3.38723e-04
8681.00  3.76637e-04
8682.00  3.92008e-04
8683.00  1.99304e-04
8684.00  3.93714e-04
8685.00  3.93728e-04
8686.00  3.91045e-04
8687.00  3.80759e-04
8688.00  3.81076e-04
8689.00  3.59229e-04
8690.00  3.20095e-04
8691.00  3.76759e-04
8692.00  3.94285e-04
8693.00  3.93504e-04
8694.00  3.53880e-04
8695.00  3.92559e-04
8696.00  3.97044e-04
8697.00  3.88593e-04
8698.00  3.97298e-04
8699.00  3.87255e-04
8700.00  3.89332e-04
8701.00  2.92843e-04
8702.00  3.97218e-04
8703.00  3.87741e-04
8704.00  3.91334e-04
8705.00  3.95325e-04
8706.00  3.82128e-04
8707.00  3.95452e-04
8708.00  3.33710e-04
8709.00  3.94706e-04
8710.00  3.95027e-04
8711.00  3.94555e-04
8712.00  3.92287e-04
8713.00  3.91386e-04
8714.00  3.68231e-04
8715.00  3.95483e-04
8716.00  3.94620e-04
8717.00  3.96310e-04
8718.00  3.76613e-04
8719.00  3.93647e-04
8720.00  3.86577e-04
8721.00  3.20750e-04
8722.00  3.94139e-04
8723.00  3.89278e-04
8724.00  3.54179e-04
8725.00  3.91196e-04
8726.00  3.90245e-04
8727.00  3.93571e-04
8728.00  2.10606e-04
8729.00  3.72514e-04
8730.00  3.92629e-04
8731.00  3.45399e-04
8732.00  3.91952e-04
8733.00  3.88254e-04
8734.00  3.90644e-04
8735.00  3.60458e-04
8736.00  1.67063e-04
8737.00  3.88967e-04
8738.00  3.89414e-04
8739.00  3.87453e-04
8740.00  3.87356e-04
8741.00  3.77953e-04
8742.00  3.81390e-04
8743.00  3.84251e-04
8744.00  3.44569e-04
8745.00  3.69436e-04
8746.00  3.78483e-04
8747.00  3.16454e-04
8748.00  3.58278e-04
8749.00  3.62028e-04
8750.00  3.40275e-04
8751.00  3.07924e-04
8752.00  1.64355e-04
8753.00  3.63403e-04
8754.00  3.61536e-04
8755.00  3.70207e-04
8756.00  3.80372e-04
8757.00  3.66120e-04
8758.00  3.70553e-04
8759.00  3.83240e-04
8760.00  3.85546e-04
8761.00  3.85597e-04
8762.00  3.86057e-04
8763.00  3.86006e-04
8764.00  1.36494e-04
8765.00  3.75457e-04
8766.00  3.25872e-04
8767.00  3.02676e-04
8768.00  3.87072e-04
8769.00  3.88804e-04
8770.00  3.78908e-04
8771.00  3.85535e-04
8772.00  3.87146e-04
8773.00  3.39407e-04
8774.00  2.51375e-04
8775.00  3.88969e-04
8776.00  3.89792e-04
8777.00  3.90736e-04
8778.00  3.76348e-04
8779.00  3.61746e-04
8780.00  3.87427e-04
8781.00  3.91074e-04
8782.00  3.68506e-04
8783.00  3.91087e-04
8784.00  3.82532e-04
8785.00  3.72859e-04
8786.00  3.86333e-04
8787.00  3.81566e-04
8788.00  3.54930e-04
8789.00  3.90767e-04
8790.00  3.90156e-04
8791.00  3.89085e-04
8792.00  3.90126e-04
8793.00  3.18323e-04
8794.00  3.89927e-04
8795.00  3.90606e-04
8796.00  3.90601e-04
8797.00  3.31094e-04
8798.00  3.58146e-04
8799.00  3.90409e-04
8800.00  3.90503e-04
8801.00  3.85593e-04
8802.00  3.90357e-04
8803.00  3.89723e-04
8804.00  3.75061e-04
8805.00  3.73039e-04
8806.00  3.84533e-04
8807.00  3.11040e-04
8808.00  3.86904e-04
8809.00  3.50347e-04
8810.00  3.89462e-04
8811.00  3.89041e-04
8812.00  3.81679e-04
8813.00  3.61628e-04
8814.00  3.84478e-04
8815.00  3.89653e-04
8816.00  3.88466e-04
8817.00  3.80319e-04
8818.00  3.75904e-04
8819.00  3.76753e-04
8820.00  3.87910e-04
8821.00  3.80324e-04
8822.00  3.88590e-04
8823.00  3.48843e-04
8824.00  3.31850e-04
8825.00  3.84324e-04
8826.00  3.86258e-04
8827.00  3.88071e-04
8828.00  3.66147e-04
8829.00  3.80421e-04
8830.00  3.87491e-04
8831.00  3.87227e-04
8832.00  3.84929e-04
8833.00  3.57717e-04
8834.00  2.99665e-04
8835.00  3.86772e-04
8836.00  3.81419e-04
8837.00  3.22472e-04
8838.00  3.84838e-04
8839.00  3.82862e-04
8840.00  3.85141e-04
8841.00  3.56898e-04
8842.00  3.84034e-04
8843.00  3.83890e-04
8844.00  3.83726e-04
8845.00  3.83824e-04
8846.00  3.76367e-04
8847.00  3.81461e-04
8848.00  3.76104e-04
8849.00  3.81987e-04
8850.00  3.68152e-04
8851.00  3.80140e-04
8852.00  3.37848e-04
8853.00  3.78937e-04
8854.00  3.68961e-04
8855.00  3.60523e-04
8856.00  3.63694e-04
8857.00  3.73490e-04
8858.00  3.71637e-04
8859.00  3.64695e-04
8860.00  3.53890e-04
8861.00  3.46255e-04
8862.00  2.56972e-04
8863.00  3.28060e-04
8864.00  3.42418e-04
8865.00  3.56014e-04
8866.00  3.56599e-04
8867.00  1.33906e-04
8868.00  3.38717e-04
8869.00  3.67678e-04
8870.00  3.61435e-04
8871.00  3.71677e-04
8872.00  3.72365e-04
8873.00  3.75176e-04
8874.00  3.60572e-04
8875.00  3.54209e-04
8876.00  2.24920e-04
8877.00  3.06106e-04
8878.00  3.70476e-04
8879.00  3.60126e-04
8880.00  3.75229e-04
8881.00  3.65491e-04
8882.00  3.68536e-04
8883.00  3.45423e-04
8884.00  3.78961e-04
8885.00  3.70024e-04
8886.00  3.62803e-04
8887.00  3.37574e-04
8888.00  3.67299e-04
8889.00  3.51911e-04
8890.00  3.76223e-04
8891.00  3.65168e-04
8892.00  3.75346e-04
8893.00  3.82044e-04
8894.00  3.73135e-04
8895.00  3.63231e-04
8896.00  3.45298e-04
8897.00  3.79026e-04
8898.00  3.59143e-04
8899.00  3.66383e-04
8900.00  3.76012e-04
