8415.00  4.01759e-04
8401.00  3.74152e-04
8402.00  3.73397e-04
8403.00  3.84557e-04
8404.00  3.97360e-04
8405.00  3.93101e-04
8406.00  3.91023e-04
8407.00  3.96504e-04
8408.00  3.54490e-04
8409.00  3.86636e-04
8410.00  3.82334e-04
8411.00  3.78279e-04
8412.00  3.95768e-04
8413.00  3.73460e-04
8414.00  2.99419e-04
8415.00  4.01759e-04
8416.00  3.88608e-04
8417.00  2.52186e-04
8418.00  3.81107e-04
8419.00  3.87095e-04
8420.00  3.75717e-04
8421.00  3.76374e-04
8422.00  3.88285e-04
8423.00  3.11835e-04
8424.00  3.87784e-04
8425.00  3.89819e-04
8426.00  3.28778e-04
8427.00  3.22275e-04
8428.00  3.66892e-04
8429.00  3.86674e-04
8430.00  3.17591e-04
8431.00  3.72431e-04
8432.00  3.92544e-04
8433.00  3.62127e-04
8434.00  3.76614e-04
8435.00  1.06658e-04
8436.00  3.75476e-04
8437.00  3.67652e-04
8438.00  3.52295e-04
8439.00  2.56680e-04
8440.00  3.60559e-04
8441.00  3.39521e-04
8442.00  3.81624e-04
8443.00  2.95512e-04
8444.00  1.93405e-04
8445.00  3.91639e-04
8446.00  3.69638e-04
8447.00  3.73695e-04
8448.00  3.67557e-04
8449.00  3.62246e-04
8450.00  3.17531e-04
8451.00  3.26287e-04
8452.00  3.75335e-04
8453.00  3.71796e-04
8454.00  3.67115e-04
8455.00  3.96298e-04
8456.00  3.27931e-04
8457.00  3.19110e-04
8458.00  3.72467e-04
8459.00  2.74093e-04
8460.00  3.69632e-04
8461.00  3.78118e-04
8462.00  3.69354e-04
8463.00  3.56366e-04
8464.00  3.05685e-04
8465.00  3.54866e-04
8466.00  3.41427e-04
8467.00  3.62733e-04
8468.00  3.61356e-04
8469.00  3.69099e-04
8470.00  3.49532e-04
8471.00  3.27326e-04
8472.00  3.63299e-04
8473.00  3.81438e-04
8474.00  3.68591e-04
8475.00  3.87162e-04
8476.00  3.86741e-04
8477.00  3.64830e-04
8478.00  3.89199e-04
8479.00  3.70779e-04
8480.00  3.42412e-04
8481.00  3.74281e-04
8482.00  2.20154e-04
8483.00  3.84520e-04
8484.00  3.76430e-04
8485.00  3.74128e-04
8486.00  3.74994e-04
8487.00  3.85363e-04
8488.00  3.07807e-04
8489.00  3.71106e-04
8490.00  3.69895e-04
8491.00  3.64454e-04
8492.00  3.73502e-04
8493.00  3.76211e-04
8494.00  3.53231e-04
8495.00  3.51268e-04
8496.00  2.40408e-04
8497.00  1.58449e-04
8498.00  7.56397e-05
8499.00  2.88623e-04
8500.00  3.36250e-04
8501.00  3.58764e-04
8502.00  3.44873e-04
8503.00  3.36561e-04
8504.00  3.36313e-04
8505.00  3.45525e-04
8506.00  3.59533e-04
8507.00  3.71056e-04
8508.00  3.59588e-04
8509.00  3.69135e-04
8510.00  3.42678e-04
8511.00  3.32350e-04
8512.00  3.21344e-04
8513.00  3.51840e-04
8514.00  1.06519e-04
8515.00  2.14137e-04
8516.00  3.60176e-04
8517.00  3.60959e-04
8518.00  2.14044e-04
8519.00  3.67747e-04
8520.00  3.67112e-04
8521.00  3.62068e-04
8522.00  3.61142e-04
8523.00  3.31539e-04
8524.00  3.70940e-04
8525.00  3.51237e-04
8526.00  3.10047e-04
8527.00  3.27218e-04
8528.00  3.71477e-04
8529.00  3.62888e-04
8530.00  3.56323e-04
8531.00  3.62723e-04
8532.00  3.38804e-04
8533.00  3.52998e-04
8534.00  3.41036e-04
8535.00  3.51470e-04
8536.00  3.15134e-04
8537.00  3.28296e-04
8538.00  3.08051e-04
8539.00  3.04687e-04
8540.00  2.62008e-04
8541.00  2.04207e-04
8542.00  7.54850e-05
8543.00  1.84050e-04
8544.00  2.56910e-04
8545.00  2.90489e-04
8546.00  3.10937e-04
8547.00  3.20047e-04
8548.00  2.44104e-04
8549.00  3.30246e-04
8550.00  3.38458e-04
8551.00  3.31957e-04
8552.00  3.58514e-04
8553.00  3.53662e-04
8554.00  3.75477e-04
8555.00  3.36474e-04
8556.00  3.58464e-04
8557.00  3.37660e-04
8558.00  3.67545e-04
8559.00  3.68818e-04
8560.00  3.60638e-04
8561.00  3.65000e-04
8562.00  3.65938e-04
8563.00  3.68700e-04
8564.00  3.78504e-04
8565.00  3.54780e-04
8566.00  3.86286e-04
8567.00  3.28702e-04
8568.00  3.84345e-04
8569.00  3.29720e-04
8570.00  3.77120e-04
8571.00  3.72446e-04
8572.00  3.74290e-04
8573.00  3.77313e-04
8574.00  3.66809e-04
8575.00  3.52877e-04
8576.00  3.79578e-04
8577.00  3.77466e-04
8578.00  3.54297e-04
8579.00  3.72621e-04
8580.00  3.69192e-04
8581.00  3.74830e-04
8582.00  3.86544e-04
8583.00  3.54241e-04
8584.00  3.79045e-04
8585.00  3.84166e-04
8586.00  3.59338e-04
8587.00  3.76632e-04
8588.00  3.56325e-04
8589.00  3.43173e-04
8590.00  3.70498e-04
8591.00  3.59418e-04
8592.00  3.53523e-04
8593.00  2.42444e-04
8594.00  3.65198e-04
8595.00  3.79584e-04
8596.00  2.14820e-04
8597.00  2.47562e-04
8598.00  3.51608e-04
8599.00  3.31616e-04
8600.00  3.44928e-04
8601.00  2.81515e-04
8602.00  3.73330e-04
8603.00  3.64984e-04
8604.00  3.63446e-04
8605.00  3.25019e-04
8606.00  3.10353e-04
8607.00  3.42076e-04
8608.00  3.74648e-04
8609.00  3.80558e-04
8610.00  3.67577e-04
8611.00  3.71092e-04
8612.00  3.60638e-04
8613.00  3.56678e-04
8614.00  2.83833e-04
8615.00  3.71583e-04
8616.00  3.76634e-04
8617.00  3.30032e-04
8618.00  3.64991e-04
8619.00  3.41532e-04
8620.00  3.77988e-04
8621.00  3.81897e-04
8622.00  3.48144e-04
8623.00  3.53583e-04
8624.00  3.75415e-04
8625.00  3.88257e-04
8626.00  3.76034e-04
8627.00  3.76159e-04
8628.00  3.77239e-04
8629.00  3.89122e-04
8630.00  3.59302e-04
8631.00  3.83046e-04
8632.00  3.49669e-04
8633.00  3.86652e-04
8634.00  3.52858e-04
8635.00  3.89770e-04
8636.00  3.62951e-04
8637.00  2.64829e-04
8638.00  3.84786e-04
8639.00  3.78549e-04
8640.00  3.59557e-04
8641.00  3.86634e-04
8642.00  3.37365e-04
8643.00  2.92568e-04
8644.00  3.65505e-04
8645.00  3.72218e-04
8646.00  3.64901e-04
8647.00  3.69598e-04
8648.00  3.68989e-04
8649.00  3.74083e-04
8650.00  3.68343e-04
8651.00  3.62326e-04
8652.00  3.34783e-04
8653.00  3.76580e-04
8654.00  3.15497e-04
8655.00  3.57206e-04
8656.00  3.57534e-04
8657.00  3.62966e-04
8658.00  3.39308e-04
8659.00  3.26016e-04
8660.00  3.00758e-04
8661.00  2.17685e-04
8662.00  7.57806e-05
8663.00  2.04239e-04
8664.00  2.80588e-04
8665.00  2.86279e-04
8666.00  3.26656e-04
8667.00  3.47815e-04
8668.00  3.51439e-04
8669.00  3.51105e-04
8670.00  3.61608e-04
8671.00  3.69755e-04
8672.00  3.00651e-04
8673.00  3.36608e-04
8674.00  3.54129e-04
8675.00  3.51265e-04
8676.00  3.75567e-04
8677.00  3.72169e-04
8678.00  3.68621e-04
8679.00  3.36301e-04
8680.00  3.33527e-04
8681.00  3.69453e-04
8682.00  3.74875e-04
8683.00  1.67439e-04
8684.00  3.86251e-04
8685.00  3.78132e-04
8686.00  3.73495e-04
8687.00  3.73982e-04
8688.00  3.71086e-04
8689.00  3.55933e-04
8690.00  3.36623e-04
8691.00  3.67355e-04
8692.00  3.79621e-04
8693.00  3.77450e-04
8694.00  3.50230e-04
8695.00  3.82177e-04
8696.00  3.89525e-04
8697.00  3.70627e-04
8698.00  3.91877e-04
8699.00  3.73039e-04
8700.00  3.86573e-04
8701.00  2.88647e-04
8702.00  3.87172e-04
8703.00  3.85309e-04
8704.00  3.77306e-04
8705.00  3.77732e-04
8706.00  3.67646e-04
8707.00  3.80944e-04
8708.00  3.37872e-04
8709.00  3.81827e-04
8710.00  3.85134e-04
8711.00  3.81100e-04
8712.00  3.85578e-04
8713.00  3.83302e-04
8714.00  3.71598e-04
8715.00  3.86135e-04
8716.00  3.79602e-04
8717.00  3.89741e-04
8718.00  3.58645e-04
8719.00  3.88784e-04
8720.00  3.87555e-04
8721.00  3.42602e-04
8722.00  3.83793e-04
8723.00  3.82194e-04
8724.00  3.67236e-04
8725.00  3.77583e-04
8726.00  3.74345e-04
8727.00  3.89839e-04
8728.00  1.78151e-04
8729.00  3.65818e-04
8730.00  3.85499e-04
8731.00  3.63597e-04
8732.00  3.85607e-04
8733.00  3.75885e-04
8734.00  3.80509e-04
8735.00  3.64250e-04
8736.00  1.47032e-04
8737.00  3.77244e-04
8738.00  3.85836e-04
8739.00  3.73772e-04
8740.00  3.77579e-04
8741.00  3.71950e-04
8742.00  3.75880e-04
8743.00  3.74970e-04
8744.00  3.58053e-04
8745.00  3.69656e-04
8746.00  3.72530e-04
8747.00  3.40379e-04
8748.00  3.60109e-04
8749.00  3.46995e-04
8750.00  3.34882e-04
8751.00  3.16880e-04
8752.00  1.44380e-04
8753.00  3.59478e-04
8754.00  3.38444e-04
8755.00  3.67912e-04
8756.00  3.72745e-04
8757.00  3.60214e-04
8758.00  3.67459e-04
8759.00  3.78356e-04
8760.00  3.79414e-04
8761.00  3.75496e-04
8762.00  3.77005e-04
8763.00  3.78981e-04
8764.00  1.36251e-04
8765.00  3.67478e-04
8766.00  3.45046e-04
8767.00  3.25711e-04
8768.00  3.83697e-04
8769.00  3.79008e-04
8770.00  3.76793e-04
8771.00  3.79446e-04
8772.00  3.83621e-04
8773.00  3.33175e-04
8774.00  2.50483e-04
8775.00  3.85251e-04
8776.00  3.82801e-04
8777.00  3.86711e-04
8778.00  3.74116e-04
8779.00  3.70885e-04
8780.00  3.77109e-04
8781.00  3.86476e-04
8782.00  3.67276e-04
8783.00  3.84319e-04
8784.00  3.83395e-04
8785.00  3.78939e-04
8786.00  3.79963e-04
8787.00  3.74941e-04
8788.00  3.66836e-04
8789.00  3.86025e-04
8790.00  3.82675e-04
8791.00  3.83643e-04
8792.00  3.78979e-04
8793.00  2.79253e-04
8794.00  3.85487e-04
8795.00  3.84578e-04
8796.00  3.87346e-04
8797.00  3.52045e-04
8798.00  3.56202e-04
8799.00  3.84028e-04
8800.00  3.85697e-04
8801.00  3.76263e-04
8802.00  3.87026e-04
8803.00  3.81367e-04
8804.00  3.70001e-04
8805.00  3.68785e-04
8806.00  3.72620e-04
8807.00  2.76597e-04
8808.00  3.80862e-04
8809.00  3.09720e-04
8810.00  3.84107e-04
8811.00  3.85854e-04
8812.00  3.80870e-04
8813.00  3.74786e-04
8814.00  3.84332e-04
8815.00  3.87836e-04
8816.00  3.86712e-04
8817.00  3.68705e-04
8818.00  3.76171e-04
8819.00  3.77369e-04
8820.00  3.87250e-04
8821.00  3.78170e-04
8822.00  3.85926e-04
8823.00  3.64677e-04
8824.00  3.29978e-04
8825.00  3.79846e-04
8826.00  3.83985e-04
8827.00  3.82774e-04
8828.00  3.71152e-04
8829.00  3.78883e-04
8830.00  3.81405e-04
8831.00  3.84478e-04
8832.00  3.84093e-04
8833.00  3.55442e-04
8834.00  2.97081e-04
8835.00  3.85293e-04
8836.00  3.78698e-04
8837.00  3.33086e-04
8838.00  3.78964e-04
8839.00  3.79771e-04
8840.00  3.80607e-04
8841.00  3.70846e-04
8842.00  3.80396e-04
8843.00  3.82368e-04
8844.00  3.82256e-04
8845.00  3.81527e-04
8846.00  3.72282e-04
8847.00  3.75928e-04
8848.00  3.77864e-04
8849.00  3.80149e-04
8850.00  3.68234e-04
8851.00  3.77754e-04
8852.00  3.56668e-04
8853.00  3.74797e-04
8854.00  3.71976e-04
8855.00  3.67490e-04
8856.00  3.64128e-04
8857.00  3.72301e-04
8858.00  3.68511e-04
8859.00  3.56900e-04
8860.00  3.18573e-04
8861.00  3.13708e-04
8862.00  2.43219e-04
8863.00  3.11952e-04
8864.00  3.08287e-04
8865.00  3.29196e-04
8866.00  3.32212e-04
8867.00  1.33361e-04
8868.00  3.18269e-04
8869.00  3.39135e-04
8870.00  3.24386e-04
8871.00  3.47307e-04
8872.00  3.52187e-04
8873.00  3.54536e-04
8874.00  3.39134e-04
8875.00  3.23109e-04
8876.00  2.15428e-04
8877.00  2.80871e-04
8878.00  3.42392e-04
8879.00  3.46524e-04
8880.00  3.55146e-04
8881.00  3.27187e-04
8882.00  3.31734e-04
8883.00  3.41983e-04
8884.00  3.58823e-04
8885.00  3.32877e-04
8886.00  3.25570e-04
8887.00  3.37696e-04
8888.00  3.29396e-04
8889.00  3.52490e-04
8890.00  3.53057e-04
8891.00  3.26376e-04
8892.00  3.52372e-04
8893.00  3.75805e-04
8894.00  3.38486e-04
8895.00  3.24850e-04
8896.00  3.13401e-04
8897.00  3.55826e-04
8898.00  3.24608e-04
8899.00  3.27716e-04
8900.00  3.52878e-04
