8415.00  4.05019e-05
8401.00  3.72122e-05
8402.00  3.64359e-05
8403.00  3.87150e-05
8404.00  4.01113e-05
8405.00  3.94704e-05
8406.00  3.94759e-05
8407.00  4.00230e-05
8408.00  3.40808e-05
8409.00  3.90742e-05
8410.00  3.74584e-05
8411.00  3.82486e-05
8412.00  3.98851e-05
8413.00  3.76661e-05
8414.00  2.81428e-05
8415.00  4.05019e-05
8416.00  3.93416e-05
8417.00  2.62140e-05
8418.00  3.84069e-05
8419.00  3.91337e-05
8420.00  3.71599e-05
8421.00  3.76455e-05
8422.00  3.92656e-05
8423.00  3.28923e-05
8424.00  3.92355e-05
8425.00  3.93597e-05
8426.00  3.11716e-05
8427.00  3.16940e-05
8428.00  3.61416e-05
8429.00  3.90265e-05
8430.00  3.04450e-05
8431.00  3.71402e-05
8432.00  3.96958e-05
8433.00  3.55756e-05
8434.00  3.79030e-05
8435.00  1.15386e-05
8436.00  3.78272e-05
8437.00  3.68182e-05
8438.00  3.48148e-05
8439.00  2.76711e-05
8440.00  3.56833e-05
8441.00  3.21096e-05
8442.00  3.86243e-05
8443.00  3.11697e-05
8444.00  2.48562e-05
8445.00  3.96313e-05
8446.00  3.68630e-05
8447.00  3.75535e-05
8448.00  3.67129e-05
8449.00  3.54536e-05
8450.00  3.03730e-05
8451.00  3.48250e-05
8452.00  3.76559e-05
8453.00  3.71074e-05
8454.00  3.62878e-05
8455.00  4.00349e-05
8456.00  3.08994e-05
8457.00  3.13694e-05
8458.00  3.72288e-05
8459.00  2.86453e-05
8460.00  3.69140e-05
8461.00  3.81760e-05
8462.00  3.69507e-05
8463.00  3.49244e-05
8464.00  3.13361e-05
8465.00  3.47796e-05
8466.00  3.30992e-05
8467.00  3.72390e-05
8468.00  3.64727e-05
8469.00  3.74865e-05
8470.00  3.40775e-05
8471.00  3.15286e-05
8472.00  3.61262e-05
8473.00  3.86499e-05
8474.00  3.69209e-05
8475.00  3.92163e-05
8476.00  3.91403e-05
8477.00  3.56264e-05
8478.00  3.93980e-05
8479.00  3.70486e-05
8480.00  3.30457e-05
8481.00  3.75532e-05
8482.00  2.28324e-05
8483.00  3.89671e-05
8484.00  3.80585e-05
8485.00  3.75541e-05
8486.00  3.81207e-05
8487.00  3.90716e-05
8488.00  2.90008e-05
8489.00  3.72058e-05
8490.00  3.71730e-05
8491.00  3.63877e-05
8492.00  3.85626e-05
8493.00  3.84036e-05
8494.00  3.51807e-05
8495.00  3.54995e-05
8496.00  2.64021e-05
8497.00  1.79886e-05
8498.00  7.54027e-06
8499.00  3.15094e-05
8500.00  3.47221e-05
8501.00  3.73031e-05
8502.00  3.53029e-05
8503.00  3.32057e-05
8504.00  3.29796e-05
8505.00  3.39718e-05
8506.00  3.61779e-05
8507.00  3.77032e-05
8508.00  3.61891e-05
8509.00  3.72779e-05
8510.00  3.27228e-05
8511.00  3.19102e-05
8512.00  3.18850e-05
8513.00  3.42970e-05
8514.00  1.08757e-05
8515.00  2.24775e-05
8516.00  3.56260e-05
8517.00  3.65094e-05
8518.00  2.31769e-05
8519.00  3.71187e-05
8520.00  3.67785e-05
8521.00  3.59384e-05
8522.00  3.56117e-05
8523.00  3.12955e-05
8524.00  3.75246e-05
8525.00  3.59840e-05
8526.00  3.02045e-05
8527.00  3.29358e-05
8528.00  3.78251e-05
8529.00  3.65745e-05
8530.00  3.59650e-05
8531.00  3.69515e-05
8532.00  3.34681e-05
8533.00  3.54464e-05
8534.00  3.38179e-05
8535.00  3.63834e-05
8536.00  3.21574e-05
8537.00  3.38319e-05
8538.00  3.34043e-05
8539.00  3.44247e-05
8540.00  3.07751e-05
8541.00  2.55768e-05
8542.00  7.52252e-06
8543.00  2.19953e-05
8544.00  3.08260e-05
8545.00  3.28032e-05
8546.00  3.34076e-05
8547.00  3.36507e-05
8548.00  2.64616e-05
8549.00  3.33926e-05
8550.00  3.42593e-05
8551.00  3.25725e-05
8552.00  3.68406e-05
8553.00  3.57688e-05
8554.00  3.85273e-05
8555.00  3.25791e-05
8556.00  3.61729e-05
8557.00  3.35566e-05
8558.00  3.73059e-05
8559.00  3.77444e-05
8560.00  3.52227e-05
8561.00  3.61213e-05
8562.00  3.69811e-05
8563.00  3.71705e-05
8564.00  3.83696e-05
8565.00  3.46558e-05
8566.00  3.92390e-05
8567.00  3.16964e-05
8568.00  3.90404e-05
8569.00  3.16246e-05
8570.00  3.82222e-05
8571.00  3.75356e-05
8572.00  3.73874e-05
8573.00  3.82309e-05
8574.00  3.67616e-05
8575.00  3.43011e-05
8576.00  3.86984e-05
8577.00  3.81871e-05
8578.00  3.44966e-05
8579.00  3.82248e-05
8580.00  3.73272e-05
8581.00  3.79279e-05
8582.00  3.90667e-05
8583.00  3.48396e-05
8584.00  3.80679e-05
8585.00  3.89903e-05
8586.00  3.53715e-05
8587.00  3.82179e-05
8588.00  3.61917e-05
8589.00  3.32449e-05
8590.00  3.76154e-05
8591.00  3.59327e-05
8592.00  3.52953e-05
8593.00  2.63465e-05
8594.00  3.72318e-05
8595.00  3.86591e-05
8596.00  2.79574e-05
8597.00  2.96474e-05
8598.00  3.64323e-05
8599.00  3.37664e-05
8600.00  3.51245e-05
8601.00  3.03676e-05
8602.00  3.80953e-05
8603.00  3.66984e-05
8604.00  3.66080e-05
8605.00  3.14299e-05
8606.00  3.49418e-05
8607.00  3.54756e-05
8608.00  3.80686e-05
8609.00  3.86758e-05
8610.00  3.68414e-05
8611.00  3.75893e-05
8612.00  3.61248e-05
8613.00  3.60236e-05
8614.00  3.00699e-05
8615.00  3.74289e-05
8616.00  3.81610e-05
8617.00  3.20366e-05
8618.00  3.73681e-05
8619.00  3.36413e-05
8620.00  3.83858e-05
8621.00  3.86788e-05
8622.00  3.38764e-05
8623.00  3.46126e-05
8624.00  3.80092e-05
8625.00  3.93064e-05
8626.00  3.80932e-05
8627.00  3.80706e-05
8628.00  3.81839e-05
8629.00  3.94081e-05
8630.00  3.52886e-05
8631.00  3.88543e-05
8632.00  3.41530e-05
8633.00  3.92017e-05
8634.00  3.65465e-05
8635.00  3.93959e-05
8636.00  3.63137e-05
8637.00  2.82960e-05
8638.00  3.90285e-05
8639.00  3.84154e-05
8640.00  3.59420e-05
8641.00  3.92403e-05
8642.00  3.26766e-05
8643.00  2.85926e-05
8644.00  3.64483e-05
8645.00  3.79435e-05
8646.00  3.66462e-05
8647.00  3.75955e-05
8648.00  3.79102e-05
8649.00  3.75891e-05
8650.00  3.74039e-05
8651.00  3.71309e-05
8652.00  3.28508e-05
8653.00  3.86559e-05
8654.00  3.11076e-05
8655.00  3.67597e-05
8656.00  3.72985e-05
8657.00  3.81022e-05
8658.00  3.62967e-05
8659.00  3.57565e-05
8660.00  3.46369e-05
8661.00  2.63170e-05
8662.00  7.99284e-06
8663.00  2.49520e-05
8664.00  3.28031e-05
8665.00  3.03569e-05
8666.00  3.52660e-05
8667.00  3.68345e-05
8668.00  3.68895e-05
8669.00  3.66868e-05
8670.00  3.74362e-05
8671.00  3.80547e-05
8672.00  3.14792e-05
8673.00  3.31904e-05
8674.00  3.65292e-05
8675.00  3.58216e-05
8676.00  3.83395e-05
8677.00  3.80123e-05
8678.00  3.76073e-05
8679.00  3.35260e-05
8680.00  3.48543e-05
8681.00  3.71825e-05
8682.00  3.81048e-05
8683.00  1.78342e-05
8684.00  3.91027e-05
8685.00  3.84086e-05
8686.00  3.80400e-05
8687.00  3.75930e-05
8688.00  3.70655e-05
8689.00  3.49602e-05
8690.00  3.29505e-05
8691.00  3.67904e-05
8692.00  3.85378e-05
8693.00  3.83011e-05
8694.00  3.53130e-05
8695.00  3.86420e-05
8696.00  3.93896e-05
8697.00  3.83860e-05
8698.00  3.95551e-05
8699.00  3.79500e-05
8700.00  3.88520e-05
8701.00  2.97383e-05
8702.00  3.92137e-05
8703.00  3.87023e-05
8704.00  3.83694e-05
8705.00  3.83224e-05
8706.00  3.73213e-05
8707.00  3.85676e-05
8708.00  3.38888e-05
8709.00  3.81870e-05
8710.00  3.92125e-05
8711.00  3.85842e-05
8712.00  3.89026e-05
8713.00  3.85051e-05
8714.00  3.69534e-05
8715.00  3.90680e-05
8716.00  3.84734e-05
8717.00  3.93771e-05
8718.00  3.71938e-05
8719.00  3.92687e-05
8720.00  3.87566e-05
8721.00  3.29188e-05
8722.00  3.88918e-05
8723.00  3.85829e-05
8724.00  3.62818e-05
8725.00  3.83446e-05
8726.00  3.80031e-05
8727.00  3.93000e-05
8728.00  2.40949e-05
8729.00  3.70936e-05
8730.00  3.90083e-05
8731.00  3.58087e-05
8732.00  3.90332e-05
8733.00  3.78143e-05
8734.00  3.86364e-05
8735.00  3.63368e-05
8736.00  1.93880e-05
8737.00  3.83781e-05
8738.00  3.90222e-05
8739.00  3.80405e-05
8740.00  3.84157e-05
8741.00  3.72680e-05
8742.00  3.81628e-05
8743.00  3.82113e-05
8744.00  3.49676e-05
8745.00  3.73326e-05
8746.00  3.76091e-05
8747.00  3.36133e-05
8748.00  3.65091e-05
8749.00  3.58737e-05
8750.00  3.49835e-05
8751.00  3.18673e-05
8752.00  1.98239e-05
8753.00  3.67913e-05
8754.00  3.61968e-05
8755.00  3.72947e-05
8756.00  3.79997e-05
8757.00  3.67227e-05
8758.00  3.75577e-05
8759.00  3.84069e-05
8760.00  3.85237e-05
8761.00  3.82197e-05
8762.00  3.83139e-05
8763.00  3.84459e-05
8764.00  1.57552e-05
8765.00  3.74173e-05
8766.00  3.38643e-05
8767.00  3.20290e-05
8768.00  3.88033e-05
8769.00  3.84698e-05
8770.00  3.79783e-05
8771.00  3.84122e-05
8772.00  3.88411e-05
8773.00  3.38097e-05
8774.00  2.56189e-05
8775.00  3.88789e-05
8776.00  3.87770e-05
8777.00  3.90797e-05
8778.00  3.75892e-05
8779.00  3.70008e-05
8780.00  3.83680e-05
8781.00  3.90279e-05
8782.00  3.66654e-05
8783.00  3.89033e-05
8784.00  3.85032e-05
8785.00  3.78082e-05
8786.00  3.83816e-05
8787.00  3.80037e-05
8788.00  3.63308e-05
8789.00  3.90312e-05
8790.00  3.88003e-05
8791.00  3.81273e-05
8792.00  3.84484e-05
8793.00  3.30050e-05
8794.00  3.86305e-05
8795.00  3.89179e-05
8796.00  3.89535e-05
8797.00  3.41670e-05
8798.00  3.62955e-05
8799.00  3.88667e-05
8800.00  3.89963e-05
8801.00  3.81234e-05
8802.00  3.90912e-05
8803.00  3.86555e-05
8804.00  3.77868e-05
8805.00  3.71196e-05
8806.00  3.81631e-05
8807.00  3.15448e-05
8808.00  3.86647e-05
8809.00  3.47247e-05
8810.00  3.88741e-05
8811.00  3.89985e-05
8812.00  3.82983e-05
8813.00  3.71695e-05
8814.00  3.86872e-05
8815.00  3.91278e-05
8816.00  3.90090e-05
8817.00  3.71603e-05
8818.00  3.77595e-05
8819.00  3.79318e-05
8820.00  3.90199e-05
8821.00  3.81245e-05
8822.00  3.89453e-05
8823.00  3.59923e-05
8824.00  3.24889e-05
8825.00  3.82186e-05
8826.00  3.87159e-05
8827.00  3.87156e-05
8828.00  3.73096e-05
8829.00  3.82375e-05
8830.00  3.85879e-05
8831.00  3.86327e-05
8832.00  3.88175e-05
8833.00  3.65907e-05
8834.00  3.17479e-05
8835.00  3.89263e-05
8836.00  3.82808e-05
8837.00  3.40037e-05
8838.00  3.83953e-05
8839.00  3.84764e-05
8840.00  3.85695e-05
8841.00  3.68134e-05
8842.00  3.82993e-05
8843.00  3.86791e-05
8844.00  3.86707e-05
8845.00  3.86188e-05
8846.00  3.78719e-05
8847.00  3.80543e-05
8848.00  3.80955e-05
8849.00  3.84867e-05
8850.00  3.71895e-05
8851.00  3.80758e-05
8852.00  3.53431e-05
8853.00  3.81056e-05
8854.00  3.75312e-05
8855.00  3.69178e-05
8856.00  3.68642e-05
8857.00  3.78736e-05
8858.00  3.75871e-05
8859.00  3.66959e-05
8860.00  3.19061e-05
8861.00  3.16438e-05
8862.00  2.66354e-05
8863.00  3.32429e-05
8864.00  3.13323e-05
8865.00  3.39343e-05
8866.00  3.39727e-05
8867.00  1.54061e-05
8868.00  3.11192e-05
8869.00  3.45511e-05
8870.00  3.19126e-05
8871.00  3.55647e-05
8872.00  3.57206e-05
8873.00  3.63463e-05
8874.00  3.37589e-05
8875.00  3.12508e-05
8876.00  2.37226e-05
8877.00  2.75039e-05
8878.00  3.44907e-05
8879.00  3.56014e-05
8880.00  3.62419e-05
8881.00  3.18845e-05
8882.00  3.25785e-05
8883.00  3.41122e-05
8884.00  3.66983e-05
8885.00  3.34559e-05
8886.00  3.17608e-05
8887.00  3.36862e-05
8888.00  3.21343e-05
8889.00  3.51730e-05
8890.00  3.60509e-05
8891.00  3.17004e-05
8892.00  3.58160e-05
8893.00  3.82165e-05
8894.00  3.37628e-05
8895.00  3.15176e-05
8896.00  3.05950e-05
8897.00  3.60573e-05
8898.00  3.18321e-05
8899.00  3.20105e-05
8900.00  3.58367e-05
