7955.00  3.57963e-04
7941.00  2.71952e-04
7942.00  2.97696e-04
7943.00  4.50823e-04
7944.00  2.13291e-04
7945.00  4.49451e-04
7946.00  2.99522e-04
7947.00  4.49365e-04
7948.00  4.45618e-04
7949.00  4.45752e-04
7950.00  4.50545e-04
7951.00  4.28431e-04
7952.00  4.47773e-04
7953.00  4.22905e-04
7954.00  4.22191e-04
7955.00  3.57963e-04
7956.00  4.39214e-04
7957.00  3.00940e-04
7958.00  4.48585e-04
7959.00  4.47199e-04
7960.00  3.88909e-04
7961.00  4.50843e-04
7962.00  4.51446e-04
7963.00  4.46511e-04
7964.00  4.48334e-04
7965.00  3.35941e-04
7966.00  4.42769e-04
7967.00  4.11999e-04
7968.00  4.48476e-04
7969.00  4.37499e-04
7970.00  3.93283e-04
7971.00  4.48278e-04
7972.00  4.42701e-04
7973.00  4.33851e-04
7974.00  4.43676e-04
7975.00  4.49788e-04
7976.00  4.45730e-04
7977.00  4.52011e-04
7978.00  4.30596e-04
7979.00  3.44544e-04
7980.00  4.40780e-04
7981.00  4.35481e-04
7982.00  4.37468e-04
7983.00  4.43827e-04
7984.00  4.45788e-04
7985.00  4.47462e-04
7986.00  4.49233e-04
7987.00  4.50177e-04
7988.00  3.29904e-04
7989.00  4.42712e-04
7990.00  4.47305e-04
7991.00  4.46913e-04
7992.00  4.49381e-04
7993.00  4.37123e-04
7994.00  4.31427e-04
7995.00  2.97581e-04
7996.00  4.45019e-04
7997.00  4.46173e-04
7998.00  4.37888e-04
7999.00  1.27363e-04
8000.00  4.39065e-04
8001.00  4.49496e-04
8002.00  4.48259e-04
8003.00  4.46292e-04
8004.00  4.05692e-04
8005.00  4.44607e-04
8006.00  4.49572e-04
8007.00  4.47256e-04
8008.00  4.44126e-04
8009.00  4.43556e-04
8010.00  3.54750e-04
8011.00  4.44882e-04
8012.00  3.52243e-04
8013.00  4.36109e-04
8014.00  4.46338e-04
8015.00  4.26139e-04
8016.00  4.45479e-04
8017.00  2.92230e-04
8018.00  3.14385e-04
8019.00  4.45759e-04
8020.00  4.46251e-04
8021.00  3.43795e-04
8022.00  4.30879e-04
8023.00  4.32386e-04
8024.00  3.45871e-04
8025.00  4.44479e-04
8026.00  4.41451e-04
8027.00  3.64208e-04
8028.00  2.68969e-04
8029.00  3.31958e-04
8030.00  4.43155e-04
8031.00  4.46405e-04
8032.00  4.38035e-04
8033.00  4.44594e-04
8034.00  4.42885e-04
8035.00  2.74185e-04
8036.00  4.31204e-04
8037.00  4.42886e-04
8038.00  4.32976e-04
8039.00  4.43671e-04
8040.00  3.62891e-04
8041.00  4.21501e-04
8042.00  4.39477e-04
8043.00  4.39317e-04
8044.00  4.35902e-04
8045.00  4.31969e-04
8046.00  1.29557e-04
8047.00  4.42906e-04
8048.00  4.38163e-04
8049.00  4.39888e-04
8050.00  3.27529e-04
8051.00  3.73853e-04
8052.00  4.44567e-04
8053.00  3.26248e-04
8054.00  3.67997e-04
8055.00  4.45260e-04
8056.00  3.21139e-04
8057.00  4.44630e-04
8058.00  4.27029e-04
8059.00  4.44167e-04
8060.00  4.43509e-04
8061.00  4.31341e-04
8062.00  4.40376e-04
8063.00  4.21813e-04
8064.00  4.00680e-04
8065.00  4.36499e-04
8066.00  3.73150e-04
8067.00  4.06546e-04
8068.00  4.41074e-04
8069.00  4.41905e-04
8070.00  3.67615e-04
8071.00  4.38650e-04
8072.00  4.15386e-04
8073.00  3.78529e-04
8074.00  4.43230e-04
8075.00  3.95440e-04
8076.00  4.40746e-04
8077.00  3.83819e-04
8078.00  3.54117e-04
8079.00  4.31411e-04
8080.00  4.39642e-04
8081.00  3.71792e-04
8082.00  4.39833e-04
8083.00  4.41064e-04
8084.00  4.39228e-04
8085.00  3.08799e-04
8086.00  4.40488e-04
8087.00  4.42356e-04
8088.00  4.40379e-04
8089.00  4.41029e-04
8090.00  4.30735e-04
8091.00  3.94327e-04
8092.00  3.34016e-04
8093.00  2.81835e-04
8094.00  2.92501e-04
8095.00  4.35638e-04
8096.00  3.35810e-04
8097.00  4.10333e-04
8098.00  3.38741e-04
8099.00  4.37441e-04
8100.00  4.14615e-04
8101.00  4.13426e-04
8102.00  4.39849e-04
8103.00  4.40679e-04
8104.00  3.61391e-04
8105.00  3.91575e-04
8106.00  4.40667e-04
8107.00  4.40340e-04
8108.00  4.34214e-04
8109.00  4.33929e-04
8110.00  3.61818e-04
8111.00  4.25113e-04
8112.00  4.26928e-04
8113.00  4.39455e-04
8114.00  4.36553e-04
8115.00  4.05990e-04
8116.00  4.15751e-04
8117.00  3.72718e-04
8118.00  4.27447e-04
8119.00  4.39237e-04
8120.00  3.10101e-04
8121.00  3.69876e-04
8122.00  4.31821e-04
8123.00  4.37108e-04
8124.00  4.03202e-04
8125.00  3.33286e-04
8126.00  4.33807e-04
8127.00  3.52273e-04
8128.00  3.63778e-04
8129.00  4.38086e-04
8130.00  4.37761e-04
8131.00  3.13266e-04
8132.00  4.18110e-04
8133.00  3.15817e-04
8134.00  4.39039e-04
8135.00  4.36795e-04
8136.00  4.37920e-04
8137.00  3.21937e-04
8138.00  3.02253e-04
8139.00  4.37263e-04
8140.00  3.82928e-04
8141.00  4.38724e-04
8142.00  4.37942e-04
8143.00  4.37848e-04
8144.00  4.35162e-04
8145.00  4.38797e-04
8146.00  4.35190e-04
8147.00  4.35266e-04
8148.00  4.31169e-04
8149.00  4.35308e-04
8150.00  2.70940e-04
8151.00  4.31844e-04
8152.00  4.18631e-04
8153.00  3.23876e-04
8154.00  4.34986e-04
8155.00  4.27470e-04
8156.00  4.38069e-04
8157.00  4.36213e-04
8158.00  3.64496e-04
8159.00  4.33329e-04
8160.00  4.24069e-04
8161.00  3.09710e-04
8162.00  3.34628e-04
8163.00  3.52371e-04
8164.00  4.36919e-04
8165.00  4.35588e-04
8166.00  3.26426e-04
8167.00  4.27600e-04
8168.00  3.57661e-04
8169.00  4.35703e-04
8170.00  4.28306e-04
8171.00  4.35516e-04
8172.00  3.51736e-04
8173.00  4.34599e-04
8174.00  3.35299e-04
8175.00  3.87708e-04
8176.00  4.35603e-04
8177.00  4.26745e-04
8178.00  4.36127e-04
8179.00  2.12800e-04
8180.00  4.32815e-04
8181.00  3.58695e-04
8182.00  4.29662e-04
8183.00  4.26094e-04
8184.00  4.34212e-04
8185.00  4.32888e-04
8186.00  3.33225e-04
8187.00  4.34885e-04
8188.00  2.87297e-04
8189.00  3.37428e-04
8190.00  4.33668e-04
8191.00  4.34028e-04
8192.00  4.34875e-04
8193.00  2.91000e-04
8194.00  4.33267e-04
8195.00  2.73048e-04
8196.00  4.33045e-04
8197.00  3.46032e-04
8198.00  4.21533e-04
8199.00  1.95194e-04
8200.00  3.81082e-04
8201.00  3.57125e-04
8202.00  4.33902e-04
8203.00  3.66418e-04
8204.00  4.33855e-04
8205.00  2.10681e-04
8206.00  4.34087e-04
8207.00  3.25147e-04
8208.00  4.33189e-04
8209.00  4.29659e-04
8210.00  3.74786e-04
8211.00  4.33851e-04
8212.00  4.31987e-04
8213.00  1.75371e-04
8214.00  3.69534e-04
8215.00  3.89285e-04
8216.00  3.46969e-04
8217.00  4.30232e-04
8218.00  4.34148e-04
8219.00  4.28873e-04
8220.00  4.24787e-04
8221.00  4.18271e-04
8222.00  4.25856e-04
8223.00  4.24134e-04
8224.00  4.24791e-04
8225.00  4.32131e-04
8226.00  4.27562e-04
8227.00  4.27997e-04
8228.00  4.26959e-04
8229.00  4.25446e-04
8230.00  4.29747e-04
8231.00  4.33118e-04
8232.00  3.34268e-04
8233.00  4.27736e-04
8234.00  4.09456e-04
8235.00  4.35091e-04
8236.00  3.06778e-04
8237.00  4.29946e-04
8238.00  4.31977e-04
8239.00  3.48815e-04
8240.00  4.20362e-04
8241.00  4.34676e-04
8242.00  4.29463e-04
8243.00  4.34304e-04
8244.00  3.03462e-04
8245.00  4.33348e-04
8246.00  4.30368e-04
8247.00  4.31101e-04
8248.00  3.60497e-04
8249.00  4.25915e-04
8250.00  4.34853e-04
8251.00  3.11795e-04
8252.00  3.11108e-04
8253.00  4.34736e-04
8254.00  4.07705e-04
8255.00  4.28945e-04
8256.00  3.85319e-04
8257.00  4.27172e-04
8258.00  4.23382e-04
8259.00  4.29660e-04
8260.00  4.02869e-04
8261.00  4.30841e-04
8262.00  3.89351e-04
8263.00  4.29161e-04
8264.00  3.99612e-04
8265.00  3.39584e-04
8266.00  4.32281e-04
8267.00  4.26786e-04
8268.00  3.10333e-04
8269.00  4.24459e-04
8270.00  4.07061e-04
8271.00  4.07676e-04
8272.00  4.30140e-04
8273.00  4.27222e-04
8274.00  4.09510e-04
8275.00  4.26238e-04
8276.00  3.35391e-04
8277.00  4.22012e-04
8278.00  3.76896e-04
8279.00  4.15916e-04
8280.00  4.03381e-04
8281.00  4.29282e-04
8282.00  3.27640e-04
8283.00  4.28095e-04
8284.00  4.23658e-04
8285.00  3.67848e-04
8286.00  4.21396e-04
8287.00  4.20279e-04
8288.00  3.12353e-04
8289.00  3.06193e-04
8290.00  2.95377e-04
8291.00  4.21794e-04
8292.00  3.39705e-04
8293.00  4.22854e-04
8294.00  4.15823e-04
8295.00  3.47351e-04
8296.00  3.57398e-04
8297.00  4.12216e-04
8298.00  3.37365e-04
8299.00  3.05539e-04
8300.00  2.83279e-04
8301.00  4.21831e-04
8302.00  4.19561e-04
8303.00  4.09196e-04
8304.00  3.38952e-04
8305.00  4.10657e-04
8306.00  4.04015e-04
8307.00  3.91098e-04
8308.00  4.08267e-04
8309.00  4.12347e-04
8310.00  3.87763e-04
8311.00  2.16624e-04
8312.00  4.13627e-04
8313.00  4.20406e-04
8314.00  3.69501e-04
8315.00  3.66618e-04
8316.00  3.04363e-04
8317.00  4.03731e-04
8318.00  3.63774e-04
8319.00  4.14061e-04
8320.00  4.07048e-04
8321.00  3.70361e-04
8322.00  3.87813e-04
8323.00  3.79068e-04
8324.00  3.58430e-04
8325.00  3.98723e-04
8326.00  3.01194e-04
8327.00  8.50841e-05
8328.00  4.09293e-04
8329.00  3.43664e-04
8330.00  4.06163e-04
8331.00  4.15615e-04
8332.00  1.92527e-04
8333.00  3.83249e-04
8334.00  4.14952e-04
8335.00  3.30058e-04
8336.00  3.88644e-04
8337.00  4.10952e-04
8338.00  3.43116e-04
8339.00  3.88344e-04
8340.00  4.13056e-04
8341.00  4.10649e-04
8342.00  4.00487e-04
8343.00  3.65929e-04
8344.00  3.91687e-04
8345.00  4.14226e-04
8346.00  3.01888e-04
8347.00  4.10938e-04
8348.00  4.10065e-04
8349.00  2.32788e-04
8350.00  3.53009e-04
8351.00  4.11153e-04
8352.00  4.10500e-04
8353.00  4.10517e-04
8354.00  4.02692e-04
8355.00  4.10100e-04
8356.00  3.51748e-04
8357.00  3.97198e-04
8358.00  3.08169e-04
8359.00  4.10895e-04
8360.00  3.44961e-04
8361.00  4.13289e-04
8362.00  3.15814e-04
8363.00  4.11989e-04
8364.00  4.09951e-04
8365.00  4.06521e-04
8366.00  3.57153e-04
8367.00  4.05727e-04
8368.00  4.09330e-04
8369.00  4.11817e-04
8370.00  2.94798e-04
8371.00  4.09302e-04
8372.00  3.95798e-04
8373.00  3.95981e-04
8374.00  3.83719e-04
8375.00  4.07489e-04
8376.00  4.09853e-04
8377.00  4.11379e-04
8378.00  3.04045e-04
8379.00  4.10701e-04
8380.00  4.11152e-04
8381.00  4.13942e-04
8382.00  4.08780e-04
8383.00  4.11679e-04
8384.00  3.92754e-04
8385.00  4.09319e-04
8386.00  2.94791e-04
8387.00  4.06448e-04
8388.00  3.59434e-04
8389.00  4.07404e-04
8390.00  4.06484e-04
8391.00  4.07799e-04
8392.00  3.96599e-04
8393.00  4.03571e-04
8394.00  3.44047e-04
8395.00  3.96918e-04
8396.00  4.11745e-04
8397.00  2.54865e-04
8398.00  3.12686e-04
8399.00  3.99233e-04
8400.00  4.13850e-04
8401.00  4.07059e-04
8402.00  3.63607e-04
8403.00  4.10515e-04
8404.00  4.12601e-04
8405.00  4.05264e-04
8406.00  4.11307e-04
8407.00  4.11651e-04
8408.00  3.53289e-04
8409.00  4.08765e-04
8410.00  3.67728e-04
8411.00  3.99675e-04
8412.00  4.06601e-04
8413.00  4.00875e-04
8414.00  2.91539e-04
8415.00  4.08418e-04
8416.00  4.07827e-04
8417.00  2.74147e-04
8418.00  4.07573e-04
8419.00  4.08815e-04
8420.00  3.80966e-04
8421.00  4.07029e-04
8422.00  4.08421e-04
8423.00  3.24541e-04
8424.00  4.05602e-04
8425.00  4.10683e-04
8426.00  3.29401e-04
8427.00  2.96494e-04
8428.00  4.03323e-04
8429.00  4.09383e-04
8430.00  2.96766e-04
8431.00  4.04731e-04
8432.00  4.08833e-04
8433.00  3.99812e-04
8434.00  4.04415e-04
8435.00  1.26490e-04
8436.00  3.98332e-04
8437.00  3.87507e-04
8438.00  3.89562e-04
8439.00  2.98419e-04
8440.00  3.96627e-04
