7955.00  3.43070e-04
7941.00  2.64213e-04
7942.00  3.14664e-04
7943.00  4.20224e-04
7944.00  1.74608e-04
7945.00  4.15216e-04
7946.00  2.89886e-04
7947.00  4.15701e-04
7948.00  4.20752e-04
7949.00  4.14060e-04
7950.00  4.18384e-04
7951.00  3.98597e-04
7952.00  4.11167e-04
7953.00  3.96448e-04
7954.00  4.06172e-04
7955.00  3.43070e-04
7956.00  4.08109e-04
7957.00  3.23558e-04
7958.00  4.16169e-04
7959.00  4.16231e-04
7960.00  3.79787e-04
7961.00  4.22256e-04
7962.00  4.24685e-04
7963.00  4.13939e-04
7964.00  4.14170e-04
7965.00  3.24230e-04
7966.00  4.12187e-04
7967.00  4.00149e-04
7968.00  4.16073e-04
7969.00  4.03288e-04
7970.00  3.92298e-04
7971.00  4.16861e-04
7972.00  4.03694e-04
7973.00  4.00928e-04
7974.00  4.03976e-04
7975.00  4.23609e-04
7976.00  4.11957e-04
7977.00  4.33472e-04
7978.00  4.11322e-04
7979.00  2.94415e-04
7980.00  4.01963e-04
7981.00  4.30719e-04
7982.00  4.18499e-04
7983.00  4.09346e-04
7984.00  4.10361e-04
7985.00  4.16022e-04
7986.00  4.22759e-04
7987.00  4.27545e-04
7988.00  3.54007e-04
7989.00  4.21392e-04
7990.00  4.16130e-04
7991.00  4.19138e-04
7992.00  4.26210e-04
7993.00  4.10189e-04
7994.00  4.01466e-04
7995.00  3.23147e-04
7996.00  4.10330e-04
7997.00  4.14232e-04
7998.00  4.10985e-04
7999.00  1.25319e-04
8000.00  4.01693e-04
8001.00  4.29832e-04
8002.00  4.23174e-04
8003.00  4.16359e-04
8004.00  4.20640e-04
8005.00  4.23184e-04
8006.00  4.31972e-04
8007.00  4.28645e-04
8008.00  4.09728e-04
8009.00  4.08597e-04
8010.00  3.68206e-04
8011.00  4.12552e-04
8012.00  3.68573e-04
8013.00  4.01866e-04
8014.00  4.20349e-04
8015.00  3.95581e-04
8016.00  4.15980e-04
8017.00  3.15352e-04
8018.00  3.38797e-04
8019.00  4.18895e-04
8020.00  4.21814e-04
8021.00  3.62645e-04
8022.00  4.15022e-04
8023.00  4.16606e-04
8024.00  3.64863e-04
8025.00  4.24031e-04
8026.00  4.13422e-04
8027.00  2.88567e-04
8028.00  2.63775e-04
8029.00  3.57764e-04
8030.00  4.11017e-04
8031.00  4.24265e-04
8032.00  4.12868e-04
8033.00  4.19325e-04
8034.00  4.14154e-04
8035.00  2.96394e-04
8036.00  4.03378e-04
8037.00  4.14022e-04
8038.00  4.09960e-04
8039.00  4.19251e-04
8040.00  3.84292e-04
8041.00  3.78873e-04
8042.00  4.15730e-04
8043.00  4.06569e-04
8044.00  4.10652e-04
8045.00  4.11549e-04
8046.00  1.28748e-04
8047.00  4.14910e-04
8048.00  4.08298e-04
8049.00  4.10867e-04
8050.00  3.42424e-04
8051.00  3.86568e-04
8052.00  4.24376e-04
8053.00  3.55721e-04
8054.00  3.79633e-04
8055.00  4.30240e-04
8056.00  3.12205e-04
8057.00  4.26765e-04
8058.00  4.07678e-04
8059.00  4.36854e-04
8060.00  4.20201e-04
8061.00  3.99104e-04
8062.00  4.08474e-04
8063.00  4.02833e-04
8064.00  4.09524e-04
8065.00  4.14687e-04
8066.00  3.38926e-04
8067.00  4.04669e-04
8068.00  4.13129e-04
8069.00  4.15731e-04
8070.00  3.61861e-04
8071.00  4.14826e-04
8072.00  4.08048e-04
8073.00  3.06869e-04
8074.00  4.25179e-04
8075.00  3.81168e-04
8076.00  4.14511e-04
8077.00  3.95529e-04
8078.00  3.70416e-04
8079.00  4.16365e-04
8080.00  4.09912e-04
8081.00  3.87897e-04
8082.00  4.15165e-04
8083.00  4.36156e-04
8084.00  4.10107e-04
8085.00  3.32662e-04
8086.00  4.16663e-04
8087.00  4.25457e-04
8088.00  4.14694e-04
8089.00  4.22060e-04
8090.00  4.23705e-04
8091.00  4.08848e-04
8092.00  3.34758e-04
8093.00  3.09698e-04
8094.00  3.02508e-04
8095.00  4.11611e-04
8096.00  3.61211e-04
8097.00  3.87770e-04
8098.00  3.57998e-04
8099.00  4.21402e-04
8100.00  3.80736e-04
8101.00  4.06539e-04
8102.00  4.16772e-04
8103.00  4.22615e-04
8104.00  3.70680e-04
8105.00  4.04245e-04
8106.00  4.28361e-04
8107.00  4.23381e-04
8108.00  4.13637e-04
8109.00  4.12487e-04
8110.00  3.76094e-04
8111.00  4.16327e-04
8112.00  4.14787e-04
8113.00  4.20211e-04
8114.00  4.17508e-04
8115.00  4.09869e-04
8116.00  4.13949e-04
8117.00  3.84884e-04
8118.00  4.10791e-04
8119.00  4.23392e-04
8120.00  3.45463e-04
8121.00  3.91150e-04
8122.00  4.12721e-04
8123.00  4.14891e-04
8124.00  4.00814e-04
8125.00  3.59854e-04
8126.00  4.11983e-04
8127.00  3.82622e-04
8128.00  3.81166e-04
8129.00  4.25692e-04
8130.00  4.16553e-04
8131.00  3.41932e-04
8132.00  4.22313e-04
8133.00  3.14145e-04
8134.00  4.36126e-04
8135.00  4.15511e-04
8136.00  4.20629e-04
8137.00  3.49799e-04
8138.00  3.28347e-04
8139.00  4.19647e-04
8140.00  3.92507e-04
8141.00  4.28246e-04
8142.00  4.23127e-04
8143.00  4.26984e-04
8144.00  4.22817e-04
8145.00  4.33610e-04
8146.00  4.20651e-04
8147.00  4.27421e-04
8148.00  4.28305e-04
8149.00  4.13276e-04
8150.00  3.01941e-04
8151.00  4.19383e-04
8152.00  4.04745e-04
8153.00  3.56203e-04
8154.00  4.26106e-04
8155.00  4.11535e-04
8156.00  4.34409e-04
8157.00  4.18841e-04
8158.00  3.86216e-04
8159.00  4.11614e-04
8160.00  4.22698e-04
8161.00  3.08920e-04
8162.00  3.65700e-04
8163.00  3.49749e-04
8164.00  4.27884e-04
8165.00  4.18660e-04
8166.00  3.54989e-04
8167.00  4.17167e-04
8168.00  3.86633e-04
8169.00  4.25196e-04
8170.00  4.01282e-04
8171.00  4.31133e-04
8172.00  3.80241e-04
8173.00  4.16391e-04
8174.00  3.72726e-04
8175.00  4.05979e-04
8176.00  4.24632e-04
8177.00  4.11912e-04
8178.00  4.30590e-04
8179.00  2.10992e-04
8180.00  4.26417e-04
8181.00  3.80480e-04
8182.00  4.24762e-04
8183.00  4.17145e-04
8184.00  4.25076e-04
8185.00  4.28102e-04
8186.00  3.62481e-04
8187.00  4.28695e-04
8188.00  3.15460e-04
8189.00  3.69846e-04
8190.00  4.20120e-04
8191.00  4.22807e-04
8192.00  4.29656e-04
8193.00  3.04388e-04
8194.00  4.25829e-04
8195.00  2.72311e-04
8196.00  4.19359e-04
8197.00  3.76239e-04
8198.00  4.13123e-04
8199.00  1.94772e-04
8200.00  3.95010e-04
8201.00  3.84324e-04
8202.00  4.24688e-04
8203.00  3.55716e-04
8204.00  4.19614e-04
8205.00  2.10157e-04
8206.00  4.21090e-04
8207.00  3.59201e-04
8208.00  4.25353e-04
8209.00  4.01358e-04
8210.00  3.67289e-04
8211.00  4.24337e-04
8212.00  4.09110e-04
8213.00  1.51541e-04
8214.00  3.56183e-04
8215.00  3.90520e-04
8216.00  2.88808e-04
8217.00  4.02249e-04
8218.00  4.22355e-04
8219.00  4.13216e-04
8220.00  4.08064e-04
8221.00  3.77492e-04
8222.00  3.89561e-04
8223.00  3.94917e-04
8224.00  4.07959e-04
8225.00  4.08445e-04
8226.00  3.93569e-04
8227.00  3.95662e-04
8228.00  4.09260e-04
8229.00  4.14160e-04
8230.00  4.17041e-04
8231.00  4.16441e-04
8232.00  3.59567e-04
8233.00  3.95907e-04
8234.00  4.14391e-04
8235.00  4.26552e-04
8236.00  3.11566e-04
8237.00  4.07431e-04
8238.00  4.24616e-04
8239.00  3.39408e-04
8240.00  3.97233e-04
8241.00  4.27174e-04
8242.00  4.17942e-04
8243.00  4.21024e-04
8244.00  3.27826e-04
8245.00  4.16040e-04
8246.00  4.01809e-04
8247.00  4.18141e-04
8248.00  3.41795e-04
8249.00  3.96211e-04
8250.00  4.30485e-04
8251.00  3.37778e-04
8252.00  3.41663e-04
8253.00  4.31273e-04
8254.00  3.95235e-04
8255.00  3.99139e-04
8256.00  3.86271e-04
8257.00  3.97787e-04
8258.00  4.12741e-04
8259.00  4.02256e-04
8260.00  3.77753e-04
8261.00  4.15899e-04
8262.00  3.92243e-04
8263.00  4.01383e-04
8264.00  3.90924e-04
8265.00  3.69810e-04
8266.00  4.20120e-04
8267.00  4.19374e-04
8268.00  3.29557e-04
8269.00  3.89449e-04
8270.00  3.86830e-04
8271.00  4.07342e-04
8272.00  4.11871e-04
8273.00  3.99086e-04
8274.00  4.02521e-04
8275.00  3.96872e-04
8276.00  3.49472e-04
8277.00  4.00818e-04
8278.00  3.92287e-04
8279.00  3.93854e-04
8280.00  3.63051e-04
8281.00  4.19757e-04
8282.00  3.42233e-04
8283.00  4.13628e-04
8284.00  3.97404e-04
8285.00  3.81074e-04
8286.00  3.94755e-04
8287.00  3.90950e-04
8288.00  3.32265e-04
8289.00  3.21407e-04
8290.00  3.23118e-04
8291.00  3.93385e-04
8292.00  3.45595e-04
8293.00  4.01541e-04
8294.00  3.78571e-04
8295.00  3.50614e-04
8296.00  3.61067e-04
8297.00  3.80189e-04
8298.00  3.59682e-04
8299.00  3.26928e-04
8300.00  2.65435e-04
8301.00  4.07458e-04
8302.00  3.94576e-04
8303.00  3.94209e-04
8304.00  3.58477e-04
8305.00  3.72661e-04
8306.00  3.85344e-04
8307.00  3.89016e-04
8308.00  3.90533e-04
8309.00  3.77127e-04
8310.00  3.73854e-04
8311.00  2.15866e-04
8312.00  3.80951e-04
8313.00  4.16378e-04
8314.00  3.69039e-04
8315.00  3.70800e-04
8316.00  3.21156e-04
8317.00  3.89255e-04
8318.00  3.57662e-04
8319.00  3.84105e-04
8320.00  3.75725e-04
8321.00  3.87353e-04
8322.00  3.63155e-04
8323.00  3.61666e-04
8324.00  3.78858e-04
8325.00  3.67259e-04
8326.00  3.12507e-04
8327.00  8.50742e-05
8328.00  3.90645e-04
8329.00  3.17021e-04
8330.00  3.95482e-04
8331.00  3.97088e-04
8332.00  1.90816e-04
8333.00  3.83213e-04
8334.00  3.97640e-04
8335.00  3.03690e-04
8336.00  3.83805e-04
8337.00  3.77653e-04
8338.00  3.38103e-04
8339.00  3.69322e-04
8340.00  3.84423e-04
8341.00  3.77128e-04
8342.00  3.90007e-04
8343.00  3.72269e-04
8344.00  3.73372e-04
8345.00  4.01281e-04
8346.00  2.39231e-04
8347.00  3.82876e-04
8348.00  3.80243e-04
8349.00  2.31704e-04
8350.00  3.57874e-04
8351.00  3.94442e-04
8352.00  3.96087e-04
8353.00  3.85377e-04
8354.00  3.71976e-04
8355.00  3.91125e-04
8356.00  3.67244e-04
8357.00  3.71109e-04
8358.00  3.21454e-04
8359.00  3.90979e-04
8360.00  3.42542e-04
8361.00  3.95448e-04
8362.00  2.86781e-04
8363.00  3.85146e-04
8364.00  3.83868e-04
8365.00  3.82211e-04
8366.00  3.70775e-04
8367.00  3.73210e-04
8368.00  3.80221e-04
8369.00  3.85571e-04
8370.00  3.26556e-04
8371.00  3.86001e-04
8372.00  3.61828e-04
8373.00  3.71252e-04
8374.00  3.53107e-04
8375.00  3.83085e-04
8376.00  3.85856e-04
8377.00  3.90229e-04
8378.00  2.88415e-04
8379.00  3.84328e-04
8380.00  3.85859e-04
8381.00  3.97964e-04
8382.00  3.77411e-04
8383.00  3.93335e-04
8384.00  3.80480e-04
8385.00  3.79551e-04
8386.00  3.28440e-04
8387.00  3.84627e-04
8388.00  3.40628e-04
8389.00  3.83858e-04
8390.00  3.77117e-04
8391.00  3.92091e-04
8392.00  3.64912e-04
8393.00  3.73225e-04
8394.00  3.62416e-04
8395.00  3.56013e-04
8396.00  3.97140e-04
8397.00  2.21607e-04
8398.00  3.23720e-04
8399.00  3.86598e-04
8400.00  4.05151e-04
8401.00  3.74150e-04
8402.00  3.73396e-04
8403.00  3.84555e-04
8404.00  3.97358e-04
8405.00  3.93099e-04
8406.00  3.91023e-04
8407.00  3.96503e-04
8408.00  3.54489e-04
8409.00  3.86635e-04
8410.00  3.82334e-04
8411.00  3.78278e-04
8412.00  3.95768e-04
8413.00  3.73460e-04
8414.00  2.99419e-04
8415.00  4.01759e-04
8416.00  3.88607e-04
8417.00  2.52186e-04
8418.00  3.81107e-04
8419.00  3.87094e-04
8420.00  3.75717e-04
8421.00  3.76374e-04
8422.00  3.88285e-04
8423.00  3.11835e-04
8424.00  3.87784e-04
8425.00  3.89819e-04
8426.00  3.28779e-04
8427.00  3.22275e-04
8428.00  3.66892e-04
8429.00  3.86674e-04
8430.00  3.17591e-04
8431.00  3.72431e-04
8432.00  3.92545e-04
8433.00  3.62128e-04
8434.00  3.76615e-04
8435.00  1.06659e-04
8436.00  3.75478e-04
8437.00  3.67652e-04
8438.00  3.52296e-04
8439.00  2.56681e-04
8440.00  3.60560e-04
