7955.00  3.39495e-05
7941.00  2.67343e-05
7942.00  2.93281e-05
7943.00  4.14500e-05
7944.00  2.27623e-05
7945.00  4.07137e-05
7946.00  2.89660e-05
7947.00  4.10311e-05
7948.00  4.14059e-05
7949.00  4.10311e-05
7950.00  4.11589e-05
7951.00  3.90475e-05
7952.00  4.01661e-05
7953.00  3.93924e-05
7954.00  3.88663e-05
7955.00  3.39495e-05
7956.00  3.95371e-05
7957.00  2.95079e-05
7958.00  4.10231e-05
7959.00  4.10322e-05
7960.00  3.52275e-05
7961.00  4.17600e-05
7962.00  4.20801e-05
7963.00  4.06860e-05
7964.00  4.06181e-05
7965.00  3.32934e-05
7966.00  4.06252e-05
7967.00  3.81471e-05
7968.00  4.09343e-05
7969.00  3.95254e-05
7970.00  3.68044e-05
7971.00  4.10121e-05
7972.00  3.91425e-05
7973.00  3.94404e-05
7974.00  3.91167e-05
7975.00  4.20227e-05
7976.00  4.04616e-05
7977.00  4.30702e-05
7978.00  4.00824e-05
7979.00  3.26601e-05
7980.00  4.02182e-05
7981.00  4.22691e-05
7982.00  4.17081e-05
7983.00  4.00677e-05
7984.00  4.01492e-05
7985.00  4.10156e-05
7986.00  4.19250e-05
7987.00  4.25228e-05
7988.00  3.29525e-05
7989.00  4.16439e-05
7990.00  4.10314e-05
7991.00  4.14473e-05
7992.00  4.23484e-05
7993.00  4.05040e-05
7994.00  3.86821e-05
7995.00  3.02411e-05
7996.00  4.02379e-05
7997.00  4.07988e-05
7998.00  4.04026e-05
7999.00  1.36104e-05
8000.00  3.88928e-05
8001.00  4.27329e-05
8002.00  4.20130e-05
8003.00  4.11291e-05
8004.00  4.05491e-05
8005.00  4.21237e-05
8006.00  4.29620e-05
8007.00  4.26282e-05
8008.00  4.01871e-05
8009.00  4.00387e-05
8010.00  3.38785e-05
8011.00  4.06246e-05
8012.00  3.40306e-05
8013.00  4.06705e-05
8014.00  4.17381e-05
8015.00  3.94043e-05
8016.00  4.11577e-05
8017.00  2.89905e-05
8018.00  3.16276e-05
8019.00  4.15818e-05
8020.00  4.19132e-05
8021.00  3.34225e-05
8022.00  4.15390e-05
8023.00  4.09900e-05
8024.00  3.37376e-05
8025.00  4.23725e-05
8026.00  4.07668e-05
8027.00  3.42871e-05
8028.00  2.73407e-05
8029.00  3.35974e-05
8030.00  4.05064e-05
8031.00  4.22032e-05
8032.00  4.09139e-05
8033.00  4.16428e-05
8034.00  4.09774e-05
8035.00  2.87658e-05
8036.00  4.02759e-05
8037.00  4.10280e-05
8038.00  4.01844e-05
8039.00  4.18125e-05
8040.00  3.62815e-05
8041.00  3.78872e-05
8042.00  4.16493e-05
8043.00  3.98390e-05
8044.00  4.02144e-05
8045.00  4.05183e-05
8046.00  1.42520e-05
8047.00  4.11437e-05
8048.00  4.03514e-05
8049.00  4.06880e-05
8050.00  3.20325e-05
8051.00  3.65285e-05
8052.00  4.22559e-05
8053.00  3.36129e-05
8054.00  3.59812e-05
8055.00  4.28258e-05
8056.00  3.29584e-05
8057.00  4.25900e-05
8058.00  4.00740e-05
8059.00  4.33347e-05
8060.00  4.18172e-05
8061.00  3.90311e-05
8062.00  4.03003e-05
8063.00  3.92088e-05
8064.00  3.97805e-05
8065.00  4.10846e-05
8066.00  3.52274e-05
8067.00  3.91317e-05
8068.00  4.09425e-05
8069.00  4.12885e-05
8070.00  3.35760e-05
8071.00  4.12977e-05
8072.00  3.98701e-05
8073.00  3.56936e-05
8074.00  4.23514e-05
8075.00  3.71170e-05
8076.00  4.11976e-05
8077.00  3.79443e-05
8078.00  3.55763e-05
8079.00  4.16848e-05
8080.00  4.05742e-05
8081.00  3.68445e-05
8082.00  4.13130e-05
8083.00  4.32365e-05
8084.00  4.06320e-05
8085.00  3.15726e-05
8086.00  4.14721e-05
8087.00  4.24063e-05
8088.00  4.12547e-05
8089.00  4.20792e-05
8090.00  4.18340e-05
8091.00  3.94249e-05
8092.00  3.35658e-05
8093.00  2.97324e-05
8094.00  3.04260e-05
8095.00  4.10242e-05
8096.00  3.40934e-05
8097.00  3.87212e-05
8098.00  3.33051e-05
8099.00  4.19314e-05
8100.00  3.83424e-05
8101.00  3.96554e-05
8102.00  4.15210e-05
8103.00  4.21461e-05
8104.00  3.46162e-05
8105.00  3.89440e-05
8106.00  4.23720e-05
8107.00  4.22422e-05
8108.00  4.10497e-05
8109.00  4.10091e-05
8110.00  3.55002e-05
8111.00  4.11191e-05
8112.00  4.11074e-05
8113.00  4.18992e-05
8114.00  4.16312e-05
8115.00  3.99054e-05
8116.00  4.06145e-05
8117.00  3.68048e-05
8118.00  4.09573e-05
8119.00  4.22266e-05
8120.00  3.30501e-05
8121.00  3.74042e-05
8122.00  4.12084e-05
8123.00  4.13673e-05
8124.00  3.89495e-05
8125.00  3.40207e-05
8126.00  4.11576e-05
8127.00  3.65139e-05
8128.00  3.62010e-05
8129.00  4.26594e-05
8130.00  4.15448e-05
8131.00  3.24425e-05
8132.00  4.14652e-05
8133.00  2.83646e-05
8134.00  4.32919e-05
8135.00  4.14298e-05
8136.00  4.19769e-05
8137.00  3.31029e-05
8138.00  3.10208e-05
8139.00  4.19891e-05
8140.00  3.77533e-05
8141.00  4.26863e-05
8142.00  4.22286e-05
8143.00  4.25800e-05
8144.00  4.21149e-05
8145.00  4.31100e-05
8146.00  4.23591e-05
8147.00  4.24960e-05
8148.00  4.24589e-05
8149.00  4.12179e-05
8150.00  2.94170e-05
8151.00  4.19489e-05
8152.00  4.07055e-05
8153.00  3.38910e-05
8154.00  4.24199e-05
8155.00  4.14102e-05
8156.00  4.31589e-05
8157.00  4.18261e-05
8158.00  3.68732e-05
8159.00  4.14528e-05
8160.00  4.17429e-05
8161.00  2.82406e-05
8162.00  3.49100e-05
8163.00  3.51608e-05
8164.00  4.26433e-05
8165.00  4.18170e-05
8166.00  3.36509e-05
8167.00  4.14125e-05
8168.00  3.70313e-05
8169.00  4.24209e-05
8170.00  4.08313e-05
8171.00  4.28895e-05
8172.00  3.63605e-05
8173.00  4.15935e-05
8174.00  3.55840e-05
8175.00  3.92744e-05
8176.00  4.23663e-05
8177.00  4.12729e-05
8178.00  4.28551e-05
8179.00  2.34105e-05
8180.00  4.25075e-05
8181.00  3.63279e-05
8182.00  4.20907e-05
8183.00  3.97348e-05
8184.00  4.20907e-05
8185.00  4.25944e-05
8186.00  3.50107e-05
8187.00  4.26654e-05
8188.00  3.03863e-05
8189.00  3.53027e-05
8190.00  4.19681e-05
8191.00  4.22140e-05
8192.00  4.27352e-05
8193.00  3.06277e-05
8194.00  4.19513e-05
8195.00  2.50324e-05
8196.00  4.16882e-05
8197.00  3.59308e-05
8198.00  4.15271e-05
8199.00  2.20004e-05
8200.00  3.80862e-05
8201.00  3.68189e-05
8202.00  4.24635e-05
8203.00  3.61545e-05
8204.00  4.20077e-05
8205.00  2.00899e-05
8206.00  4.21189e-05
8207.00  3.43125e-05
8208.00  4.23975e-05
8209.00  4.00252e-05
8210.00  3.78882e-05
8211.00  4.23693e-05
8212.00  4.09516e-05
8213.00  1.95978e-05
8214.00  3.68293e-05
8215.00  3.80294e-05
8216.00  3.57843e-05
8217.00  4.01450e-05
8218.00  4.22191e-05
8219.00  4.14426e-05
8220.00  4.08590e-05
8221.00  3.92166e-05
8222.00  3.82375e-05
8223.00  3.93365e-05
8224.00  4.07522e-05
8225.00  4.08932e-05
8226.00  3.88270e-05
8227.00  3.91817e-05
8228.00  4.09923e-05
8229.00  4.15605e-05
8230.00  4.21669e-05
8231.00  4.16759e-05
8232.00  3.42326e-05
8233.00  3.98238e-05
8234.00  4.06587e-05
8235.00  4.25520e-05
8236.00  3.09494e-05
8237.00  4.06701e-05
8238.00  4.23876e-05
8239.00  3.44039e-05
8240.00  3.93849e-05
8241.00  4.25903e-05
8242.00  4.16350e-05
8243.00  4.20922e-05
8244.00  3.10966e-05
8245.00  4.16356e-05
8246.00  4.00399e-05
8247.00  4.17303e-05
8248.00  3.47388e-05
8249.00  3.97361e-05
8250.00  4.28143e-05
8251.00  3.21799e-05
8252.00  3.27676e-05
8253.00  4.28742e-05
8254.00  3.98661e-05
8255.00  3.97102e-05
8256.00  3.74491e-05
8257.00  3.94824e-05
8258.00  4.10257e-05
8259.00  4.01408e-05
8260.00  3.95325e-05
8261.00  4.16479e-05
8262.00  3.83689e-05
8263.00  4.00229e-05
8264.00  3.89813e-05
8265.00  3.53842e-05
8266.00  4.20200e-05
8267.00  4.17860e-05
8268.00  3.08593e-05
8269.00  3.82985e-05
8270.00  3.91057e-05
8271.00  4.01464e-05
8272.00  4.12854e-05
8273.00  3.98101e-05
8274.00  3.97937e-05
8275.00  3.95431e-05
8276.00  3.37351e-05
8277.00  4.00722e-05
8278.00  3.79747e-05
8279.00  3.89587e-05
8280.00  3.57911e-05
8281.00  4.19773e-05
8282.00  3.18989e-05
8283.00  4.14823e-05
8284.00  3.97714e-05
8285.00  3.68111e-05
8286.00  3.93521e-05
8287.00  3.90031e-05
8288.00  3.14497e-05
8289.00  2.97575e-05
8290.00  3.10524e-05
8291.00  3.93106e-05
8292.00  3.21522e-05
8293.00  4.03771e-05
8294.00  3.70783e-05
8295.00  3.25472e-05
8296.00  3.41785e-05
8297.00  3.74789e-05
8298.00  3.45145e-05
8299.00  3.15971e-05
8300.00  2.71481e-05
8301.00  4.10033e-05
8302.00  3.96747e-05
8303.00  3.98085e-05
8304.00  3.44459e-05
8305.00  3.64295e-05
8306.00  3.82853e-05
8307.00  3.83646e-05
8308.00  3.90113e-05
8309.00  3.72045e-05
8310.00  3.82148e-05
8311.00  2.06088e-05
8312.00  3.79107e-05
8313.00  4.16827e-05
8314.00  3.56915e-05
8315.00  3.59497e-05
8316.00  3.00649e-05
8317.00  3.94870e-05
8318.00  3.39351e-05
8319.00  3.84277e-05
8320.00  3.70721e-05
8321.00  3.77483e-05
8322.00  3.61748e-05
8323.00  3.63491e-05
8324.00  3.68329e-05
8325.00  3.83727e-05
8326.00  2.99460e-05
8327.00  8.44216e-06
8328.00  3.98226e-05
8329.00  3.17692e-05
8330.00  3.95704e-05
8331.00  4.00420e-05
8332.00  2.15839e-05
8333.00  3.77600e-05
8334.00  4.01321e-05
8335.00  3.28241e-05
8336.00  3.79575e-05
8337.00  3.75312e-05
8338.00  3.31815e-05
8339.00  3.70958e-05
8340.00  3.85584e-05
8341.00  3.74616e-05
8342.00  3.91290e-05
8343.00  3.71275e-05
8344.00  3.67455e-05
8345.00  4.05041e-05
8346.00  3.04288e-05
8347.00  3.85898e-05
8348.00  3.80820e-05
8349.00  2.26145e-05
8350.00  3.43224e-05
8351.00  3.97038e-05
8352.00  3.98052e-05
8353.00  3.89338e-05
8354.00  3.65895e-05
8355.00  3.95610e-05
8356.00  3.56604e-05
8357.00  3.74767e-05
8358.00  3.00991e-05
8359.00  3.95246e-05
8360.00  3.18894e-05
8361.00  3.99368e-05
8362.00  2.94580e-05
8363.00  3.87380e-05
8364.00  3.84704e-05
8365.00  3.85880e-05
8366.00  3.59886e-05
8367.00  3.72137e-05
8368.00  3.83415e-05
8369.00  3.87821e-05
8370.00  3.17848e-05
8371.00  3.94830e-05
8372.00  3.51036e-05
8373.00  3.76404e-05
8374.00  3.56624e-05
8375.00  3.89206e-05
8376.00  3.89734e-05
8377.00  3.94308e-05
8378.00  2.87861e-05
8379.00  3.86504e-05
8380.00  3.88554e-05
8381.00  4.01565e-05
8382.00  3.76257e-05
8383.00  3.95546e-05
8384.00  3.77611e-05
8385.00  3.79663e-05
8386.00  3.18682e-05
8387.00  3.86008e-05
8388.00  3.28890e-05
8389.00  3.86551e-05
8390.00  3.78148e-05
8391.00  3.96207e-05
8392.00  3.65148e-05
8393.00  3.74499e-05
8394.00  3.51846e-05
8395.00  3.46656e-05
8396.00  4.00986e-05
8397.00  2.27341e-05
8398.00  3.00619e-05
8399.00  3.86785e-05
8400.00  4.07766e-05
8401.00  3.72120e-05
8402.00  3.64358e-05
8403.00  3.87149e-05
8404.00  4.01112e-05
8405.00  3.94702e-05
8406.00  3.94758e-05
8407.00  4.00228e-05
8408.00  3.40807e-05
8409.00  3.90741e-05
8410.00  3.74584e-05
8411.00  3.82485e-05
8412.00  3.98850e-05
8413.00  3.76661e-05
8414.00  2.81427e-05
8415.00  4.05019e-05
8416.00  3.93415e-05
8417.00  2.62139e-05
8418.00  3.84069e-05
8419.00  3.91337e-05
8420.00  3.71599e-05
8421.00  3.76455e-05
8422.00  3.92656e-05
8423.00  3.28923e-05
8424.00  3.92355e-05
8425.00  3.93597e-05
8426.00  3.11717e-05
8427.00  3.16941e-05
8428.00  3.61416e-05
8429.00  3.90265e-05
8430.00  3.04451e-05
8431.00  3.71403e-05
8432.00  3.96959e-05
8433.00  3.55757e-05
8434.00  3.79031e-05
8435.00  1.15387e-05
8436.00  3.78273e-05
8437.00  3.68185e-05
8438.00  3.48149e-05
8439.00  2.76712e-05
8440.00  3.56834e-05
