7961.50  4.22121e-04
7954.50  4.23725e-04
7955.00  4.23308e-04
7955.50  4.22991e-04
7956.00  4.22776e-04
7956.50  4.22662e-04
7957.00  4.22629e-04
7957.50  4.22656e-04
7958.00  4.22714e-04
7958.50  4.22775e-04
7959.00  4.22810e-04
7959.50  4.22798e-04
7960.00  4.22725e-04
7960.50  4.22586e-04
7961.00  4.22381e-04
7961.50  4.22121e-04
7962.00  4.21823e-04
7962.50  4.21506e-04
7963.00  4.21195e-04
7963.50  4.20914e-04
7964.00  4.20687e-04
7964.50  4.20538e-04
7965.00  4.20488e-04
7965.50  4.20556e-04
7966.00  4.20757e-04
7966.50  4.21102e-04
7967.00  4.21596e-04
7967.50  4.22240e-04
7968.00  4.23026e-04
7968.50  4.23940e-04
7969.00  4.24959e-04
7969.50  4.26054e-04
7970.00  4.27189e-04
7970.50  4.28324e-04
7971.00  4.29416e-04
7971.50  4.30423e-04
7972.00  4.31303e-04
7972.50  4.32021e-04
7973.00  4.32554e-04
7973.50  4.32885e-04
7974.00  4.33011e-04
7974.50  4.32945e-04
7975.00  4.32709e-04
7975.50  4.32340e-04
7976.00  4.31881e-04
7976.50  4.31382e-04
7977.00  4.30895e-04
7977.50  4.30467e-04
7978.00  4.30135e-04
7978.50  4.29923e-04
7979.00  4.29840e-04
7979.50  4.29877e-04
7980.00  4.30007e-04
7980.50  4.30189e-04
7981.00  4.30375e-04
7981.50  4.30515e-04
7982.00  4.30560e-04
7982.50  4.30472e-04
7983.00  4.30233e-04
7983.50  4.29837e-04
7984.00  4.29304e-04
7984.50  4.28670e-04
7985.00  4.27979e-04
7985.50  4.27297e-04
7986.00  4.26678e-04
7986.50  4.26174e-04
7987.00  4.25822e-04
7987.50  4.25639e-04
7988.00  4.25623e-04
7988.50  4.25744e-04
7989.00  4.25959e-04
7989.50  4.26203e-04
7990.00  4.26409e-04
7990.50  4.26506e-04
7991.00  4.26429e-04
7991.50  4.26127e-04
7992.00  4.25569e-04
7992.50  4.24742e-04
7993.00  4.23657e-04
7993.50  4.22341e-04
7994.00  4.20842e-04
7994.50  4.19216e-04
7995.00  4.17532e-04
7995.50  4.15858e-04
7996.00  4.14258e-04
7996.50  4.12793e-04
7997.00  4.11514e-04
7997.50  4.10457e-04
7998.00  4.09648e-04
7998.50  4.09099e-04
7999.00  4.08811e-04
7999.50  4.08770e-04
8000.00  4.08952e-04
8000.50  4.09328e-04
8001.00  4.09861e-04
8001.50  4.10507e-04
8002.00  4.11226e-04
8002.50  4.11974e-04
8003.00  4.12707e-04
8003.50  4.13391e-04
8004.00  4.13993e-04
8004.50  4.14489e-04
8005.00  4.14863e-04
8005.50  4.15108e-04
8006.00  4.15229e-04
8006.50  4.15241e-04
8007.00  4.15166e-04
8007.50  4.15036e-04
8008.00  4.14886e-04
8008.50  4.14748e-04
8009.00  4.14652e-04
8009.50  4.14623e-04
8010.00  4.14668e-04
8010.50  4.14790e-04
8011.00  4.14979e-04
8011.50  4.15211e-04
8012.00  4.15456e-04
8012.50  4.15680e-04
8013.00  4.15847e-04
8013.50  4.15928e-04
8014.00  4.15891e-04
8014.50  4.15729e-04
8015.00  4.15435e-04
8015.50  4.15017e-04
8016.00  4.14492e-04
8016.50  4.13880e-04
8017.00  4.13209e-04
8017.50  4.12502e-04
8018.00  4.11783e-04
8018.50  4.11067e-04
8019.00  4.10364e-04
8019.50  4.09678e-04
8020.00  4.09008e-04
8020.50  4.08350e-04
8021.00  4.07698e-04
8021.50  4.07051e-04
8022.00  4.06410e-04
8022.50  4.05781e-04
8023.00  4.05180e-04
8023.50  4.04626e-04
8024.00  4.04150e-04
8024.50  4.03787e-04
8025.00  4.03572e-04
8025.50  4.03544e-04
8026.00  4.03736e-04
8026.50  4.04176e-04
8027.00  4.04880e-04
8027.50  4.05849e-04
8028.00  4.07069e-04
8028.50  4.08510e-04
8029.00  4.10126e-04
8029.50  4.11861e-04
8030.00  4.13648e-04
8030.50  4.15424e-04
8031.00  4.17128e-04
8031.50  4.18710e-04
8032.00  4.20130e-04
8032.50  4.21375e-04
8033.00  4.22440e-04
8033.50  4.23336e-04
8034.00  4.24087e-04
8034.50  4.24721e-04
8035.00  4.25267e-04
8035.50  4.25749e-04
8036.00  4.26180e-04
8036.50  4.26567e-04
8037.00  4.26901e-04
8037.50  4.27165e-04
8038.00  4.27330e-04
8038.50  4.27360e-04
8039.00  4.27213e-04
8039.50  4.26849e-04
8040.00  4.26228e-04
8040.50  4.25317e-04
8041.00  4.24096e-04
8041.50  4.22556e-04
8042.00  4.20702e-04
8042.50  4.18567e-04
8043.00  4.16196e-04
8043.50  4.13658e-04
8044.00  4.11036e-04
8044.50  4.08425e-04
8045.00  4.05926e-04
8045.50  4.03635e-04
8046.00  4.01637e-04
8046.50  4.00001e-04
8047.00  3.98770e-04
8047.50  3.97965e-04
8048.00  3.97578e-04
8048.50  3.97581e-04
8049.00  3.97928e-04
8049.50  3.98565e-04
8050.00  3.99428e-04
8050.50  4.00463e-04
8051.00  4.01622e-04
8051.50  4.02867e-04
8052.00  4.04175e-04
8052.50  4.05536e-04
8053.00  4.06944e-04
8053.50  4.08403e-04
8054.00  4.09914e-04
8054.50  4.11475e-04
8055.00  4.13074e-04
8055.50  4.14693e-04
8056.00  4.16301e-04
8056.50  4.17860e-04
8057.00  4.19327e-04
8057.50  4.20657e-04
8058.00  4.21808e-04
8058.50  4.22745e-04
8059.00  4.23443e-04
8059.50  4.23894e-04
8060.00  4.24097e-04
8060.50  4.24071e-04
8061.00  4.23836e-04
8061.50  4.23428e-04
8062.00  4.22884e-04
8062.50  4.22239e-04
8063.00  4.21527e-04
8063.50  4.20777e-04
8064.00  4.20011e-04
8064.50  4.19249e-04
8065.00  4.18502e-04
8065.50  4.17780e-04
8066.00  4.17090e-04
8066.50  4.16437e-04
8067.00  4.15833e-04
8067.50  4.15283e-04
8068.00  4.14795e-04
8068.50  4.14375e-04
8069.00  4.14029e-04
8069.50  4.13757e-04
8070.00  4.13554e-04
8070.50  4.13410e-04
8071.00  4.13309e-04
8071.50  4.13231e-04
8072.00  4.13149e-04
8072.50  4.13034e-04
8073.00  4.12852e-04
8073.50  4.12571e-04
8074.00  4.12159e-04
8074.50  4.11586e-04
8075.00  4.10830e-04
8075.50  4.09877e-04
8076.00  4.08723e-04
8076.50  4.07378e-04
8077.00  4.05868e-04
8077.50  4.04233e-04
8078.00  4.02529e-04
8078.50  4.00825e-04
8079.00  3.99198e-04
8079.50  3.97728e-04
8080.00  3.96494e-04
8080.50  3.95566e-04
8081.00  3.94993e-04
8081.50  3.94803e-04
8082.00  3.94997e-04
8082.50  3.95547e-04
8083.00  3.96396e-04
8083.50  3.97454e-04
8084.00  3.98614e-04
8084.50  3.99750e-04
8085.00  4.00730e-04
8085.50  4.01424e-04
8086.00  4.01716e-04
8086.50  4.01512e-04
8087.00  4.00751e-04
8087.50  3.99413e-04
8088.00  3.97521e-04
8088.50  3.95142e-04
8089.00  3.92387e-04
8089.50  3.89400e-04
8090.00  3.86348e-04
8090.50  3.83413e-04
8091.00  3.80772e-04
8091.50  3.78584e-04
8092.00  3.76979e-04
8092.50  3.76047e-04
8093.00  3.75829e-04
8093.50  3.76322e-04
8094.00  3.77477e-04
8094.50  3.79207e-04
8095.00  3.81403e-04
8095.50  3.83931e-04
8096.00  3.86661e-04
8096.50  3.89469e-04
8097.00  3.92251e-04
8097.50  3.94918e-04
8098.00  3.97414e-04
8098.50  3.99709e-04
8099.00  4.01794e-04
8099.50  4.03680e-04
8100.00  4.05391e-04
8100.50  4.06961e-04
8101.00  4.08423e-04
8101.50  4.09807e-04
8102.00  4.11135e-04
8102.50  4.12421e-04
8103.00  4.13663e-04
8103.50  4.14855e-04
8104.00  4.15980e-04
8104.50  4.17015e-04
8105.00  4.17939e-04
8105.50  4.18732e-04
8106.00  4.19379e-04
8106.50  4.19876e-04
8107.00  4.20225e-04
8107.50  4.20443e-04
8108.00  4.20549e-04
8108.50  4.20573e-04
8109.00  4.20543e-04
8109.50  4.20489e-04
8110.00  4.20435e-04
8110.50  4.20397e-04
8111.00  4.20379e-04
8111.50  4.20382e-04
8112.00  4.20391e-04
8112.50  4.20387e-04
8113.00  4.20342e-04
8113.50  4.20231e-04
8114.00  4.20027e-04
8114.50  4.19707e-04
8115.00  4.19255e-04
8115.50  4.18663e-04
8116.00  4.17934e-04
8116.50  4.17077e-04
8117.00  4.16118e-04
8117.50  4.15088e-04
8118.00  4.14022e-04
8118.50  4.12962e-04
8119.00  4.11944e-04
8119.50  4.11008e-04
8120.00  4.10180e-04
8120.50  4.09479e-04
8121.00  4.08912e-04
8121.50  4.08474e-04
8122.00  4.08150e-04
8122.50  4.07915e-04
8123.00  4.07738e-04
8123.50  4.07588e-04
8124.00  4.07431e-04
8124.50  4.07243e-04
8125.00  4.06998e-04
8125.50  4.06681e-04
8126.00  4.06285e-04
8126.50  4.05810e-04
8127.00  4.05264e-04
8127.50  4.04660e-04
8128.00  4.04021e-04
8128.50  4.03370e-04
8129.00  4.02735e-04
8129.50  4.02142e-04
8130.00  4.01615e-04
8130.50  4.01173e-04
8131.00  4.00829e-04
8131.50  4.00586e-04
8132.00  4.00437e-04
8132.50  4.00369e-04
8133.00  4.00366e-04
8133.50  4.00407e-04
8134.00  4.00479e-04
8134.50  4.00570e-04
8135.00  4.00681e-04
8135.50  4.00823e-04
8136.00  4.01014e-04
8136.50  4.01280e-04
8137.00  4.01650e-04
8137.50  4.02147e-04
8138.00  4.02783e-04
8138.50  4.03559e-04
8139.00  4.04456e-04
8139.50  4.05440e-04
8140.00  4.06459e-04
8140.50  4.07447e-04
8141.00  4.08333e-04
8141.50  4.09040e-04
8142.00  4.09497e-04
8142.50  4.09646e-04
8143.00  4.09438e-04
8143.50  4.08850e-04
8144.00  4.07878e-04
8144.50  4.06544e-04
8145.00  4.04892e-04
8145.50  4.02989e-04
8146.00  4.00917e-04
8146.50  3.98777e-04
8147.00  3.96671e-04
8147.50  3.94707e-04
8148.00  3.92981e-04
8148.50  3.91578e-04
8149.00  3.90561e-04
8149.50  3.89970e-04
8150.00  3.89814e-04
8150.50  3.90077e-04
8151.00  3.90713e-04
8151.50  3.91660e-04
8152.00  3.92836e-04
8152.50  3.94155e-04
8153.00  3.95527e-04
8153.50  3.96869e-04
8154.00  3.98108e-04
8154.50  3.99185e-04
8155.00  4.00058e-04
8155.50  4.00698e-04
8156.00  4.01096e-04
8156.50  4.01254e-04
8157.00  4.01190e-04
8157.50  4.00929e-04
8158.00  4.00507e-04
8158.50  3.99967e-04
8159.00  3.99358e-04
8159.50  3.98728e-04
8160.00  3.98129e-04
8160.50  3.97608e-04
8161.00  3.97209e-04
8161.50  3.96965e-04
8162.00  3.96902e-04
8162.50  3.97033e-04
8163.00  3.97361e-04
8163.50  3.97876e-04
8164.00  3.98565e-04
8164.50  3.99403e-04
8165.00  4.00358e-04
8165.50  4.01402e-04
8166.00  4.02500e-04
8166.50  4.03617e-04
8167.00  4.04717e-04
8167.50  4.05764e-04
8168.00  4.06723e-04
8168.50  4.07562e-04
8169.00  4.08255e-04
8169.50  4.08779e-04
8170.00  4.09124e-04
8170.50  4.09285e-04
8171.00  4.09272e-04
8171.50  4.09105e-04
8172.00  4.08809e-04
8172.50  4.08417e-04
8173.00  4.07965e-04
8173.50  4.07488e-04
8174.00  4.07014e-04
8174.50  4.06573e-04
8175.00  4.06182e-04
8175.50  4.05856e-04
8176.00  4.05601e-04
8176.50  4.05420e-04
8177.00  4.05312e-04
8177.50  4.05275e-04
8178.00  4.05302e-04
8178.50  4.05385e-04
8179.00  4.05511e-04
8179.50  4.05666e-04
8180.00  4.05831e-04
8180.50  4.05982e-04
8181.00  4.06093e-04
8181.50  4.06144e-04
8182.00  4.06118e-04
8182.50  4.06000e-04
8183.00  4.05786e-04
8183.50  4.05480e-04
8184.00  4.05095e-04
8184.50  4.04649e-04
8185.00  4.04162e-04
8185.50  4.03656e-04
8186.00  4.03146e-04
8186.50  4.02642e-04
8187.00  4.02136e-04
8187.50  4.01616e-04
8188.00  4.01058e-04
8188.50  4.00428e-04
8189.00  3.99688e-04
8189.50  3.98799e-04
8190.00  3.97735e-04
8190.50  3.96475e-04
8191.00  3.95014e-04
8191.50  3.93369e-04
8192.00  3.91570e-04
8192.50  3.89663e-04
8193.00  3.87706e-04
8193.50  3.85767e-04
8194.00  3.83908e-04
8194.50  3.82190e-04
8195.00  3.80668e-04
8195.50  3.79377e-04
8196.00  3.78340e-04
8196.50  3.77564e-04
8197.00  3.77042e-04
8197.50  3.76756e-04
8198.00  3.76680e-04
8198.50  3.76781e-04
8199.00  3.77029e-04
8199.50  3.77392e-04
8200.00  3.77846e-04
8200.50  3.78368e-04
8201.00  3.78940e-04
8201.50  3.79554e-04
8202.00  3.80199e-04
8202.50  3.80874e-04
8203.00  3.81573e-04
8203.50  3.82295e-04
8204.00  3.83031e-04
8204.50  3.83771e-04
8205.00  3.84506e-04
8205.50  3.85216e-04
8206.00  3.85880e-04
8206.50  3.86475e-04
8207.00  3.86982e-04
8207.50  3.87380e-04
8208.00  3.87656e-04
8208.50  3.87806e-04
8209.00  3.87838e-04
8209.50  3.87770e-04
8210.00  3.87630e-04
8210.50  3.87458e-04
8211.00  3.87301e-04
8211.50  3.87204e-04
8212.00  3.87210e-04
8212.50  3.87355e-04
8213.00  3.87661e-04
8213.50  3.88137e-04
8214.00  3.88770e-04
8214.50  3.89541e-04
8215.00  3.90417e-04
8215.50  3.91363e-04
8216.00  3.92345e-04
8216.50  3.93333e-04
8217.00  3.94313e-04
8217.50  3.95285e-04
8218.00  3.96257e-04
8218.50  3.97254e-04
8219.00  3.98303e-04
8219.50  3.99435e-04
8220.00  4.00670e-04
8220.50  4.02021e-04
8221.00  4.03488e-04
8221.50  4.05055e-04
8222.00  4.06688e-04
8222.50  4.08350e-04
8223.00  4.09992e-04
8223.50  4.11560e-04
8224.00  4.13011e-04
8224.50  4.14302e-04
8225.00  4.15400e-04
8225.50  4.16288e-04
8226.00  4.16953e-04
8226.50  4.17395e-04
8227.00  4.17622e-04
8227.50  4.17645e-04
8228.00  4.17478e-04
8228.50  4.17140e-04
8229.00  4.16650e-04
8229.50  4.16025e-04
8230.00  4.15280e-04
8230.50  4.14436e-04
8231.00  4.13508e-04
8231.50  4.12515e-04
8232.00  4.11479e-04
8232.50  4.10420e-04
8233.00  4.09364e-04
8233.50  4.08334e-04
8234.00  4.07357e-04
8234.50  4.06462e-04
8235.00  4.05675e-04
8235.50  4.05014e-04
8236.00  4.04503e-04
8236.50  4.04154e-04
8237.00  4.03973e-04
8237.50  4.03963e-04
8238.00  4.04117e-04
8238.50  4.04422e-04
8239.00  4.04862e-04
8239.50  4.05412e-04
8240.00  4.06051e-04
8240.50  4.06749e-04
8241.00  4.07479e-04
8241.50  4.08212e-04
8242.00  4.08919e-04
8242.50  4.09570e-04
8243.00  4.10137e-04
8243.50  4.10588e-04
8244.00  4.10893e-04
8244.50  4.11023e-04
8245.00  4.10951e-04
8245.50  4.10654e-04
8246.00  4.10116e-04
8246.50  4.09329e-04
8247.00  4.08294e-04
8247.50  4.07029e-04
8248.00  4.05560e-04
8248.50  4.03930e-04
8249.00  4.02189e-04
8249.50  4.00396e-04
8250.00  3.98617e-04
8250.50  3.96918e-04
8251.00  3.95356e-04
8251.50  3.93987e-04
8252.00  3.92854e-04
8252.50  3.91986e-04
8253.00  3.91404e-04
8253.50  3.91116e-04
8254.00  3.91116e-04
8254.50  3.91398e-04
8255.00  3.91943e-04
8255.50  3.92731e-04
8256.00  3.93735e-04
8256.50  3.94927e-04
8257.00  3.96270e-04
8257.50  3.97725e-04
8258.00  3.99244e-04
8258.50  4.00775e-04
8259.00  4.02262e-04
8259.50  4.03648e-04
8260.00  4.04882e-04
8260.50  4.05915e-04
8261.00  4.06714e-04
8261.50  4.07258e-04
8262.00  4.07540e-04
8262.50  4.07575e-04
8263.00  4.07389e-04
8263.50  4.07023e-04
8264.00  4.06525e-04
8264.50  4.05949e-04
8265.00  4.05344e-04
8265.50  4.04756e-04
8266.00  4.04217e-04
8266.50  4.03752e-04
8267.00  4.03368e-04
8267.50  4.03061e-04
8268.00  4.02821e-04
8268.50  4.02625e-04
8269.00  4.02457e-04
8269.50  4.02297e-04
8270.00  4.02135e-04
8270.50  4.01967e-04
8271.00  4.01800e-04
8271.50  4.01647e-04
8272.00  4.01533e-04
8272.50  4.01477e-04
8273.00  4.01504e-04
8273.50  4.01627e-04
8274.00  4.01857e-04
8274.50  4.02190e-04
8275.00  4.02609e-04
8275.50  4.03088e-04
8276.00  4.03592e-04
8276.50  4.04081e-04
8277.00  4.04511e-04
8277.50  4.04841e-04
8278.00  4.05036e-04
8278.50  4.05068e-04
8279.00  4.04918e-04
8279.50  4.04575e-04
8280.00  4.04042e-04
8280.50  4.03323e-04
8281.00  4.02425e-04
8281.50  4.01359e-04
8282.00  4.00132e-04
8282.50  3.98751e-04
8283.00  3.97218e-04
8283.50  3.95537e-04
8284.00  3.93713e-04
8284.50  3.91755e-04
8285.00  3.89680e-04
8285.50  3.87517e-04
8286.00  3.85303e-04
8286.50  3.83084e-04
8287.00  3.80914e-04
8287.50  3.78843e-04
8288.00  3.76927e-04
8288.50  3.75202e-04
8289.00  3.73698e-04
8289.50  3.72429e-04
8290.00  3.71388e-04
8290.50  3.70556e-04
8291.00  3.69900e-04
8291.50  3.69377e-04
8292.00  3.68940e-04
8292.50  3.68544e-04
8293.00  3.68142e-04
8293.50  3.67700e-04
8294.00  3.67194e-04
8294.50  3.66612e-04
8295.00  3.65957e-04
8295.50  3.65245e-04
8296.00  3.64510e-04
8296.50  3.63797e-04
8297.00  3.63158e-04
8297.50  3.62655e-04
8298.00  3.62349e-04
8298.50  3.62292e-04
8299.00  3.62527e-04
8299.50  3.63077e-04
8300.00  3.63947e-04
8300.50  3.65117e-04
8301.00  3.66550e-04
8301.50  3.68188e-04
8302.00  3.69961e-04
8302.50  3.71792e-04
8303.00  3.73601e-04
8303.50  3.75319e-04
8304.00  3.76879e-04
8304.50  3.78233e-04
8305.00  3.79343e-04
8305.50  3.80190e-04
8306.00  3.80770e-04
8306.50  3.81090e-04
8307.00  3.81168e-04
8307.50  3.81034e-04
8308.00  3.80728e-04
8308.50  3.80287e-04
8309.00  3.79758e-04
8309.50  3.79189e-04
8310.00  3.78625e-04
8310.50  3.78111e-04
8311.00  3.77682e-04
8311.50  3.77370e-04
8312.00  3.77196e-04
8312.50  3.77177e-04
8313.00  3.77308e-04
8313.50  3.77585e-04
8314.00  3.77989e-04
8314.50  3.78490e-04
8315.00  3.79051e-04
8315.50  3.79631e-04
8316.00  3.80181e-04
8316.50  3.80649e-04
8317.00  3.80988e-04
8317.50  3.81151e-04
8318.00  3.81096e-04
8318.50  3.80793e-04
8319.00  3.80219e-04
8319.50  3.79360e-04
8320.00  3.78218e-04
8320.50  3.76801e-04
8321.00  3.75131e-04
8321.50  3.73242e-04
8322.00  3.71173e-04
8322.50  3.68971e-04
8323.00  3.66692e-04
8323.50  3.64394e-04
8324.00  3.62136e-04
8324.50  3.59975e-04
8325.00  3.57962e-04
8325.50  3.56137e-04
8326.00  3.54527e-04
8326.50  3.53145e-04
8327.00  3.51995e-04
8327.50  3.51062e-04
8328.00  3.50329e-04
8328.50  3.49777e-04
8329.00  3.49391e-04
8329.50  3.49161e-04
8330.00  3.49094e-04
8330.50  3.49203e-04
8331.00  3.49513e-04
8331.50  3.50049e-04
8332.00  3.50837e-04
8332.50  3.51893e-04
8333.00  3.53216e-04
8333.50  3.54791e-04
8334.00  3.56582e-04
8334.50  3.58538e-04
8335.00  3.60596e-04
8335.50  3.62691e-04
8336.00  3.64760e-04
8336.50  3.66746e-04
8337.00  3.68611e-04
8337.50  3.70328e-04
8338.00  3.71890e-04
8338.50  3.73300e-04
8339.00  3.74574e-04
8339.50  3.75733e-04
8340.00  3.76799e-04
8340.50  3.77788e-04
8341.00  3.78714e-04
8341.50  3.79585e-04
8342.00  3.80397e-04
8342.50  3.81147e-04
8343.00  3.81828e-04
8343.50  3.82431e-04
8344.00  3.82949e-04
8344.50  3.83377e-04
8345.00  3.83721e-04
8345.50  3.83984e-04
8346.00  3.84178e-04
8346.50  3.84319e-04
8347.00  3.84421e-04
8347.50  3.84499e-04
8348.00  3.84567e-04
8348.50  3.84631e-04
8349.00  3.84695e-04
8349.50  3.84750e-04
8350.00  3.84783e-04
8350.50  3.84774e-04
8351.00  3.84698e-04
8351.50  3.84528e-04
8352.00  3.84237e-04
8352.50  3.83805e-04
8353.00  3.83218e-04
8353.50  3.82472e-04
8354.00  3.81577e-04
8354.50  3.80552e-04
8355.00  3.79434e-04
8355.50  3.78263e-04
8356.00  3.77091e-04
8356.50  3.75974e-04
8357.00  3.74965e-04
8357.50  3.74112e-04
8358.00  3.73458e-04
8358.50  3.73031e-04
8359.00  3.72850e-04
8359.50  3.72919e-04
8360.00  3.73229e-04
8360.50  3.73763e-04
8361.00  3.74489e-04
8361.50  3.75376e-04
8362.00  3.76381e-04
8362.50  3.77460e-04
8363.00  3.78569e-04
8363.50  3.79662e-04
8364.00  3.80688e-04
8364.50  3.81608e-04
8365.00  3.82378e-04
8365.50  3.82967e-04
8366.00  3.83350e-04
8366.50  3.83516e-04
8367.00  3.83467e-04
8367.50  3.83220e-04
8368.00  3.82810e-04
8368.50  3.82281e-04
8369.00  3.81695e-04
8369.50  3.81109e-04
8370.00  3.80585e-04
8370.50  3.80176e-04
8371.00  3.79923e-04
8371.50  3.79850e-04
8372.00  3.79961e-04
8372.50  3.80250e-04
8373.00  3.80690e-04
8373.50  3.81242e-04
8374.00  3.81866e-04
8374.50  3.82520e-04
8375.00  3.83162e-04
8375.50  3.83758e-04
8376.00  3.84282e-04
8376.50  3.84714e-04
8377.00  3.85042e-04
8377.50  3.85257e-04
8378.00  3.85357e-04
8378.50  3.85344e-04
8379.00  3.85220e-04
8379.50  3.84992e-04
8380.00  3.84667e-04
8380.50  3.84256e-04
8381.00  3.83774e-04
8381.50  3.83235e-04
8382.00  3.82657e-04
8382.50  3.82056e-04
8383.00  3.81445e-04
8383.50  3.80843e-04
8384.00  3.80260e-04
8384.50  3.79709e-04
8385.00  3.79202e-04
8385.50  3.78750e-04
8386.00  3.78366e-04
8386.50  3.78062e-04
8387.00  3.77850e-04
8387.50  3.77740e-04
8388.00  3.77740e-04
8388.50  3.77851e-04
8389.00  3.78066e-04
8389.50  3.78370e-04
8390.00  3.78737e-04
8390.50  3.79133e-04
8391.00  3.79518e-04
8391.50  3.79847e-04
8392.00  3.80077e-04
8392.50  3.80172e-04
8393.00  3.80102e-04
8393.50  3.79854e-04
8394.00  3.79429e-04
8394.50  3.78845e-04
8395.00  3.78138e-04
8395.50  3.77355e-04
8396.00  3.76553e-04
8396.50  3.75796e-04
8397.00  3.75148e-04
8397.50  3.74661e-04
8398.00  3.74391e-04
8398.50  3.74371e-04
8399.00  3.74629e-04
8399.50  3.75174e-04
8400.00  3.76000e-04
8400.50  3.77091e-04
8401.00  3.78416e-04
8401.50  3.79932e-04
8402.00  3.81588e-04
8402.50  3.83323e-04
8403.00  3.85070e-04
8403.50  3.86762e-04
8404.00  3.88329e-04
8404.50  3.89702e-04
8405.00  3.90826e-04
8405.50  3.91648e-04
8406.00  3.92134e-04
8406.50  3.92263e-04
8407.00  3.92032e-04
8407.50  3.91451e-04
8408.00  3.90549e-04
8408.50  3.89365e-04
8409.00  3.87950e-04
8409.50  3.86363e-04
8410.00  3.84663e-04
8410.50  3.82912e-04
8411.00  3.81165e-04
8411.50  3.79471e-04
8412.00  3.77866e-04
8412.50  3.76378e-04
8413.00  3.75024e-04
8413.50  3.73808e-04
8414.00  3.72730e-04
8414.50  3.71781e-04
8415.00  3.70949e-04
8415.50  3.70222e-04
8416.00  3.69588e-04
8416.50  3.69037e-04
8417.00  3.68562e-04
8417.50  3.68152e-04
8418.00  3.67799e-04
8418.50  3.67488e-04
8419.00  3.67199e-04
8419.50  3.66909e-04
8420.00  3.66589e-04
8420.50  3.66209e-04
8421.00  3.65741e-04
8421.50  3.65166e-04
8422.00  3.64477e-04
8422.50  3.63681e-04
8423.00  3.62803e-04
8423.50  3.61889e-04
8424.00  3.60999e-04
8424.50  3.60204e-04
8425.00  3.59577e-04
8425.50  3.59186e-04
8426.00  3.59085e-04
