7961.50  3.97471e-04
7954.50  3.99937e-04
7955.00  3.99660e-04
7955.50  3.99433e-04
7956.00  3.99254e-04
7956.50  3.99118e-04
7957.00  3.99009e-04
7957.50  3.98913e-04
7958.00  3.98812e-04
7958.50  3.98696e-04
7959.00  3.98552e-04
7959.50  3.98376e-04
7960.00  3.98172e-04
7960.50  3.97946e-04
7961.00  3.97708e-04
7961.50  3.97471e-04
7962.00  3.97250e-04
7962.50  3.97061e-04
7963.00  3.96916e-04
7963.50  3.96829e-04
7964.00  3.96808e-04
7964.50  3.96860e-04
7965.00  3.96990e-04
7965.50  3.97199e-04
7966.00  3.97487e-04
7966.50  3.97849e-04
7967.00  3.98277e-04
7967.50  3.98760e-04
7968.00  3.99286e-04
7968.50  3.99838e-04
7969.00  4.00397e-04
7969.50  4.00947e-04
7970.00  4.01468e-04
7970.50  4.01944e-04
7971.00  4.02361e-04
7971.50  4.02708e-04
7972.00  4.02978e-04
7972.50  4.03168e-04
7973.00  4.03280e-04
7973.50  4.03320e-04
7974.00  4.03297e-04
7974.50  4.03226e-04
7975.00  4.03122e-04
7975.50  4.03005e-04
7976.00  4.02899e-04
7976.50  4.02824e-04
7977.00  4.02803e-04
7977.50  4.02858e-04
7978.00  4.03001e-04
7978.50  4.03242e-04
7979.00  4.03578e-04
7979.50  4.04000e-04
7980.00  4.04484e-04
7980.50  4.05005e-04
7981.00  4.05526e-04
7981.50  4.06013e-04
7982.00  4.06434e-04
7982.50  4.06758e-04
7983.00  4.06973e-04
7983.50  4.07069e-04
7984.00  4.07054e-04
7984.50  4.06945e-04
7985.00  4.06764e-04
7985.50  4.06547e-04
7986.00  4.06320e-04
7986.50  4.06111e-04
7987.00  4.05935e-04
7987.50  4.05799e-04
7988.00  4.05695e-04
7988.50  4.05602e-04
7989.00  4.05492e-04
7989.50  4.05321e-04
7990.00  4.05051e-04
7990.50  4.04637e-04
7991.00  4.04045e-04
7991.50  4.03250e-04
7992.00  4.02240e-04
7992.50  4.01018e-04
7993.00  3.99605e-04
7993.50  3.98036e-04
7994.00  3.96359e-04
7994.50  3.94633e-04
7995.00  3.92923e-04
7995.50  3.91297e-04
7996.00  3.89817e-04
7996.50  3.88540e-04
7997.00  3.87513e-04
7997.50  3.86770e-04
7998.00  3.86327e-04
7998.50  3.86187e-04
7999.00  3.86338e-04
7999.50  3.86750e-04
8000.00  3.87387e-04
8000.50  3.88199e-04
8001.00  3.89136e-04
8001.50  3.90143e-04
8002.00  3.91167e-04
8002.50  3.92163e-04
8003.00  3.93088e-04
8003.50  3.93912e-04
8004.00  3.94613e-04
8004.50  3.95180e-04
8005.00  3.95611e-04
8005.50  3.95915e-04
8006.00  3.96107e-04
8006.50  3.96211e-04
8007.00  3.96251e-04
8007.50  3.96255e-04
8008.00  3.96252e-04
8008.50  3.96261e-04
8009.00  3.96300e-04
8009.50  3.96377e-04
8010.00  3.96490e-04
8010.50  3.96633e-04
8011.00  3.96792e-04
8011.50  3.96946e-04
8012.00  3.97075e-04
8012.50  3.97160e-04
8013.00  3.97184e-04
8013.50  3.97138e-04
8014.00  3.97013e-04
8014.50  3.96820e-04
8015.00  3.96566e-04
8015.50  3.96270e-04
8016.00  3.95951e-04
8016.50  3.95628e-04
8017.00  3.95317e-04
8017.50  3.95026e-04
8018.00  3.94759e-04
8018.50  3.94505e-04
8019.00  3.94251e-04
8019.50  3.93972e-04
8020.00  3.93642e-04
8020.50  3.93234e-04
8021.00  3.92721e-04
8021.50  3.92088e-04
8022.00  3.91330e-04
8022.50  3.90454e-04
8023.00  3.89483e-04
8023.50  3.88454e-04
8024.00  3.87420e-04
8024.50  3.86444e-04
8025.00  3.85591e-04
8025.50  3.84931e-04
8026.00  3.84524e-04
8026.50  3.84420e-04
8027.00  3.84650e-04
8027.50  3.85224e-04
8028.00  3.86129e-04
8028.50  3.87329e-04
8029.00  3.88768e-04
8029.50  3.90376e-04
8030.00  3.92073e-04
8030.50  3.93780e-04
8031.00  3.95426e-04
8031.50  3.96951e-04
8032.00  3.98308e-04
8032.50  3.99481e-04
8033.00  4.00463e-04
8033.50  4.01265e-04
8034.00  4.01915e-04
8034.50  4.02441e-04
8035.00  4.02874e-04
8035.50  4.03242e-04
8036.00  4.03560e-04
8036.50  4.03835e-04
8037.00  4.04060e-04
8037.50  4.04217e-04
8038.00  4.04279e-04
8038.50  4.04212e-04
8039.00  4.03976e-04
8039.50  4.03535e-04
8040.00  4.02855e-04
8040.50  4.01910e-04
8041.00  4.00687e-04
8041.50  3.99184e-04
8042.00  3.97416e-04
8042.50  3.95419e-04
8043.00  3.93242e-04
8043.50  3.90956e-04
8044.00  3.88643e-04
8044.50  3.86393e-04
8045.00  3.84300e-04
8045.50  3.82452e-04
8046.00  3.80927e-04
8046.50  3.79784e-04
8047.00  3.79059e-04
8047.50  3.78763e-04
8048.00  3.78883e-04
8048.50  3.79383e-04
8049.00  3.80210e-04
8049.50  3.81298e-04
8050.00  3.82579e-04
8050.50  3.83986e-04
8051.00  3.85460e-04
8051.50  3.86957e-04
8052.00  3.88442e-04
8052.50  3.89901e-04
8053.00  3.91325e-04
8053.50  3.92720e-04
8054.00  3.94093e-04
8054.50  3.95453e-04
8055.00  3.96804e-04
8055.50  3.98146e-04
8056.00  3.99466e-04
8056.50  4.00748e-04
8057.00  4.01966e-04
8057.50  4.03090e-04
8058.00  4.04089e-04
8058.50  4.04935e-04
8059.00  4.05604e-04
8059.50  4.06081e-04
8060.00  4.06362e-04
8060.50  4.06452e-04
8061.00  4.06359e-04
8061.50  4.06108e-04
8062.00  4.05725e-04
8062.50  4.05234e-04
8063.00  4.04665e-04
8063.50  4.04043e-04
8064.00  4.03389e-04
8064.50  4.02721e-04
8065.00  4.02051e-04
8065.50  4.01390e-04
8066.00  4.00743e-04
8066.50  4.00115e-04
8067.00  3.99512e-04
8067.50  3.98938e-04
8068.00  3.98400e-04
8068.50  3.97902e-04
8069.00  3.97456e-04
8069.50  3.97067e-04
8070.00  3.96743e-04
8070.50  3.96490e-04
8071.00  3.96307e-04
8071.50  3.96193e-04
8072.00  3.96138e-04
8072.50  3.96126e-04
8073.00  3.96134e-04
8073.50  3.96134e-04
8074.00  3.96094e-04
8074.50  3.95981e-04
8075.00  3.95762e-04
8075.50  3.95412e-04
8076.00  3.94911e-04
8076.50  3.94254e-04
8077.00  3.93450e-04
8077.50  3.92520e-04
8078.00  3.91503e-04
8078.50  3.90449e-04
8079.00  3.89417e-04
8079.50  3.88469e-04
8080.00  3.87666e-04
8080.50  3.87065e-04
8081.00  3.86704e-04
8081.50  3.86610e-04
8082.00  3.86786e-04
8082.50  3.87219e-04
8083.00  3.87871e-04
8083.50  3.88687e-04
8084.00  3.89595e-04
8084.50  3.90514e-04
8085.00  3.91354e-04
8085.50  3.92027e-04
8086.00  3.92450e-04
8086.50  3.92555e-04
8087.00  3.92291e-04
8087.50  3.91632e-04
8088.00  3.90578e-04
8088.50  3.89162e-04
8089.00  3.87444e-04
8089.50  3.85510e-04
8090.00  3.83468e-04
8090.50  3.81439e-04
8091.00  3.79547e-04
8091.50  3.77911e-04
8092.00  3.76633e-04
8092.50  3.75793e-04
8093.00  3.75439e-04
8093.50  3.75589e-04
8094.00  3.76228e-04
8094.50  3.77312e-04
8095.00  3.78776e-04
8095.50  3.80535e-04
8096.00  3.82503e-04
8096.50  3.84592e-04
8097.00  3.86723e-04
8097.50  3.88830e-04
8098.00  3.90864e-04
8098.50  3.92793e-04
8099.00  3.94599e-04
8099.50  3.96281e-04
8100.00  3.97843e-04
8100.50  3.99300e-04
8101.00  4.00666e-04
8101.50  4.01952e-04
8102.00  4.03169e-04
8102.50  4.04320e-04
8103.00  4.05402e-04
8103.50  4.06410e-04
8104.00  4.07332e-04
8104.50  4.08157e-04
8105.00  4.08873e-04
8105.50  4.09473e-04
8106.00  4.09951e-04
8106.50  4.10311e-04
8107.00  4.10561e-04
8107.50  4.10714e-04
8108.00  4.10789e-04
8108.50  4.10807e-04
8109.00  4.10791e-04
8109.50  4.10761e-04
8110.00  4.10736e-04
8110.50  4.10727e-04
8111.00  4.10739e-04
8111.50  4.10774e-04
8112.00  4.10823e-04
8112.50  4.10874e-04
8113.00  4.10909e-04
8113.50  4.10909e-04
8114.00  4.10855e-04
8114.50  4.10729e-04
8115.00  4.10517e-04
8115.50  4.10208e-04
8116.00  4.09803e-04
8116.50  4.09303e-04
8117.00  4.08724e-04
8117.50  4.08084e-04
8118.00  4.07407e-04
8118.50  4.06721e-04
8119.00  4.06051e-04
8119.50  4.05426e-04
8120.00  4.04866e-04
8120.50  4.04386e-04
8121.00  4.03994e-04
8121.50  4.03691e-04
8122.00  4.03469e-04
8122.50  4.03316e-04
8123.00  4.03214e-04
8123.50  4.03143e-04
8124.00  4.03083e-04
8124.50  4.03014e-04
8125.00  4.02919e-04
8125.50  4.02784e-04
8126.00  4.02598e-04
8126.50  4.02358e-04
8127.00  4.02062e-04
8127.50  4.01717e-04
8128.00  4.01332e-04
8128.50  4.00922e-04
8129.00  4.00504e-04
8129.50  4.00097e-04
8130.00  3.99718e-04
8130.50  3.99383e-04
8131.00  3.99103e-04
8131.50  3.98882e-04
8132.00  3.98719e-04
8132.50  3.98607e-04
8133.00  3.98535e-04
8133.50  3.98489e-04
8134.00  3.98461e-04
8134.50  3.98441e-04
8135.00  3.98430e-04
8135.50  3.98432e-04
8136.00  3.98461e-04
8136.50  3.98535e-04
8137.00  3.98674e-04
8137.50  3.98896e-04
8138.00  3.99215e-04
8138.50  3.99636e-04
8139.00  4.00151e-04
8139.50  4.00746e-04
8140.00  4.01390e-04
8140.50  4.02045e-04
8141.00  4.02664e-04
8141.50  4.03198e-04
8142.00  4.03596e-04
8142.50  4.03814e-04
8143.00  4.03812e-04
8143.50  4.03563e-04
8144.00  4.03055e-04
8144.50  4.02290e-04
8145.00  4.01288e-04
8145.50  4.00083e-04
8146.00  3.98728e-04
8146.50  3.97287e-04
8147.00  3.95831e-04
8147.50  3.94441e-04
8148.00  3.93190e-04
8148.50  3.92151e-04
8149.00  3.91377e-04
8149.50  3.90911e-04
8150.00  3.90771e-04
8150.50  3.90953e-04
8151.00  3.91434e-04
8151.50  3.92171e-04
8152.00  3.93105e-04
8152.50  3.94172e-04
8153.00  3.95298e-04
8153.50  3.96417e-04
8154.00  3.97465e-04
8154.50  3.98390e-04
8155.00  3.99151e-04
8155.50  3.99723e-04
8156.00  4.00091e-04
8156.50  4.00256e-04
8157.00  4.00230e-04
8157.50  4.00034e-04
8158.00  3.99700e-04
8158.50  3.99264e-04
8159.00  3.98769e-04
8159.50  3.98258e-04
8160.00  3.97772e-04
8160.50  3.97354e-04
8161.00  3.97039e-04
8161.50  3.96853e-04
8162.00  3.96817e-04
8162.50  3.96940e-04
8163.00  3.97224e-04
8163.50  3.97662e-04
8164.00  3.98242e-04
8164.50  3.98943e-04
8165.00  3.99741e-04
8165.50  4.00615e-04
8166.00  4.01539e-04
8166.50  4.02487e-04
8167.00  4.03432e-04
8167.50  4.04350e-04
8168.00  4.05217e-04
8168.50  4.06012e-04
8169.00  4.06715e-04
8169.50  4.07312e-04
8170.00  4.07792e-04
8170.50  4.08148e-04
8171.00  4.08383e-04
8171.50  4.08499e-04
8172.00  4.08505e-04
8172.50  4.08413e-04
8173.00  4.08236e-04
8173.50  4.07988e-04
8174.00  4.07681e-04
8174.50  4.07332e-04
8175.00  4.06954e-04
8175.50  4.06563e-04
8176.00  4.06174e-04
8176.50  4.05805e-04
8177.00  4.05473e-04
8177.50  4.05196e-04
8178.00  4.04986e-04
8178.50  4.04854e-04
8179.00  4.04803e-04
8179.50  4.04831e-04
8180.00  4.04927e-04
8180.50  4.05072e-04
8181.00  4.05244e-04
8181.50  4.05417e-04
8182.00  4.05570e-04
8182.50  4.05680e-04
8183.00  4.05732e-04
8183.50  4.05718e-04
8184.00  4.05637e-04
8184.50  4.05491e-04
8185.00  4.05285e-04
8185.50  4.05030e-04
8186.00  4.04729e-04
8186.50  4.04382e-04
8187.00  4.03981e-04
8187.50  4.03511e-04
8188.00  4.02954e-04
8188.50  4.02284e-04
8189.00  4.01474e-04
8189.50  4.00498e-04
8190.00  3.99340e-04
8190.50  3.97993e-04
8191.00  3.96459e-04
8191.50  3.94761e-04
8192.00  3.92932e-04
8192.50  3.91019e-04
8193.00  3.89078e-04
8193.50  3.87173e-04
8194.00  3.85362e-04
8194.50  3.83703e-04
8195.00  3.82244e-04
8195.50  3.81020e-04
8196.00  3.80049e-04
8196.50  3.79338e-04
8197.00  3.78875e-04
8197.50  3.78637e-04
8198.00  3.78595e-04
8198.50  3.78709e-04
8199.00  3.78938e-04
8199.50  3.79247e-04
8200.00  3.79600e-04
8200.50  3.79971e-04
8201.00  3.80338e-04
8201.50  3.80692e-04
8202.00  3.81025e-04
8202.50  3.81343e-04
8203.00  3.81647e-04
8203.50  3.81942e-04
8204.00  3.82229e-04
8204.50  3.82502e-04
8205.00  3.82749e-04
8205.50  3.82948e-04
8206.00  3.83073e-04
8206.50  3.83088e-04
8207.00  3.82964e-04
8207.50  3.82671e-04
8208.00  3.82186e-04
8208.50  3.81503e-04
8209.00  3.80632e-04
8209.50  3.79600e-04
8210.00  3.78451e-04
8210.50  3.77241e-04
8211.00  3.76043e-04
8211.50  3.74924e-04
8212.00  3.73955e-04
8212.50  3.73192e-04
8213.00  3.72676e-04
8213.50  3.72430e-04
8214.00  3.72448e-04
8214.50  3.72714e-04
8215.00  3.73190e-04
8215.50  3.73830e-04
8216.00  3.74586e-04
8216.50  3.75412e-04
8217.00  3.76274e-04
8217.50  3.77152e-04
8218.00  3.78041e-04
8218.50  3.78951e-04
8219.00  3.79903e-04
8219.50  3.80926e-04
8220.00  3.82041e-04
8220.50  3.83271e-04
8221.00  3.84628e-04
8221.50  3.86107e-04
8222.00  3.87690e-04
8222.50  3.89348e-04
8223.00  3.91043e-04
8223.50  3.92729e-04
8224.00  3.94360e-04
8224.50  3.95893e-04
8225.00  3.97292e-04
8225.50  3.98528e-04
8226.00  3.99584e-04
8226.50  4.00449e-04
8227.00  4.01124e-04
8227.50  4.01613e-04
8228.00  4.01925e-04
8228.50  4.02076e-04
8229.00  4.02082e-04
8229.50  4.01959e-04
8230.00  4.01720e-04
8230.50  4.01382e-04
8231.00  4.00957e-04
8231.50  4.00458e-04
8232.00  3.99899e-04
8232.50  3.99292e-04
8233.00  3.98653e-04
8233.50  3.97998e-04
8234.00  3.97343e-04
8234.50  3.96709e-04
8235.00  3.96118e-04
8235.50  3.95586e-04
8236.00  3.95134e-04
8236.50  3.94781e-04
8237.00  3.94536e-04
8237.50  3.94411e-04
8238.00  3.94408e-04
8238.50  3.94525e-04
8239.00  3.94754e-04
8239.50  3.95082e-04
8240.00  3.95493e-04
8240.50  3.95966e-04
8241.00  3.96477e-04
8241.50  3.97002e-04
8242.00  3.97514e-04
8242.50  3.97987e-04
8243.00  3.98399e-04
8243.50  3.98723e-04
8244.00  3.98940e-04
8244.50  3.99032e-04
8245.00  3.98987e-04
8245.50  3.98793e-04
8246.00  3.98449e-04
8246.50  3.97955e-04
8247.00  3.97321e-04
8247.50  3.96561e-04
8248.00  3.95696e-04
8248.50  3.94752e-04
8249.00  3.93760e-04
8249.50  3.92752e-04
8250.00  3.91763e-04
8250.50  3.90828e-04
8251.00  3.89978e-04
8251.50  3.89241e-04
8252.00  3.88640e-04
8252.50  3.88190e-04
8253.00  3.87905e-04
8253.50  3.87787e-04
8254.00  3.87835e-04
8254.50  3.88045e-04
8255.00  3.88404e-04
8255.50  3.88900e-04
8256.00  3.89514e-04
8256.50  3.90225e-04
8257.00  3.91010e-04
8257.50  3.91840e-04
8258.00  3.92686e-04
8258.50  3.93519e-04
8259.00  3.94308e-04
8259.50  3.95024e-04
8260.00  3.95644e-04
8260.50  3.96150e-04
8261.00  3.96531e-04
8261.50  3.96782e-04
8262.00  3.96910e-04
8262.50  3.96928e-04
8263.00  3.96854e-04
8263.50  3.96712e-04
8264.00  3.96527e-04
8264.50  3.96324e-04
8265.00  3.96124e-04
8265.50  3.95944e-04
8266.00  3.95792e-04
8266.50  3.95672e-04
8267.00  3.95579e-04
8267.50  3.95500e-04
8268.00  3.95422e-04
8268.50  3.95325e-04
8269.00  3.95193e-04
8269.50  3.95011e-04
8270.00  3.94771e-04
8270.50  3.94472e-04
8271.00  3.94120e-04
8271.50  3.93731e-04
8272.00  3.93327e-04
8272.50  3.92932e-04
8273.00  3.92572e-04
8273.50  3.92271e-04
8274.00  3.92046e-04
8274.50  3.91910e-04
8275.00  3.91859e-04
8275.50  3.91886e-04
8276.00  3.91971e-04
8276.50  3.92091e-04
8277.00  3.92213e-04
8277.50  3.92308e-04
8278.00  3.92345e-04
8278.50  3.92298e-04
8279.00  3.92146e-04
8279.50  3.91871e-04
8280.00  3.91466e-04
8280.50  3.90925e-04
8281.00  3.90246e-04
8281.50  3.89426e-04
8282.00  3.88467e-04
8282.50  3.87368e-04
8283.00  3.86129e-04
8283.50  3.84752e-04
8284.00  3.83242e-04
8284.50  3.81606e-04
8285.00  3.79860e-04
8285.50  3.78024e-04
8286.00  3.76125e-04
8286.50  3.74196e-04
8287.00  3.72273e-04
8287.50  3.70390e-04
8288.00  3.68583e-04
8288.50  3.66880e-04
8289.00  3.65305e-04
8289.50  3.63874e-04
8290.00  3.62596e-04
8290.50  3.61474e-04
8291.00  3.60505e-04
8291.50  3.59682e-04
8292.00  3.58999e-04
8292.50  3.58446e-04
8293.00  3.58010e-04
8293.50  3.57679e-04
8294.00  3.57442e-04
8294.50  3.57289e-04
8295.00  3.57207e-04
8295.50  3.57190e-04
8296.00  3.57233e-04
8296.50  3.57335e-04
8297.00  3.57499e-04
8297.50  3.57734e-04
8298.00  3.58048e-04
8298.50  3.58447e-04
8299.00  3.58936e-04
8299.50  3.59512e-04
8300.00  3.60165e-04
8300.50  3.60876e-04
8301.00  3.61619e-04
8301.50  3.62363e-04
8302.00  3.63072e-04
8302.50  3.63715e-04
8303.00  3.64263e-04
8303.50  3.64696e-04
8304.00  3.65003e-04
8304.50  3.65184e-04
8305.00  3.65246e-04
8305.50  3.65208e-04
8306.00  3.65089e-04
8306.50  3.64917e-04
8307.00  3.64716e-04
8307.50  3.64512e-04
8308.00  3.64330e-04
8308.50  3.64184e-04
8309.00  3.64092e-04
8309.50  3.64065e-04
8310.00  3.64110e-04
8310.50  3.64229e-04
8311.00  3.64420e-04
8311.50  3.64679e-04
8312.00  3.64998e-04
8312.50  3.65371e-04
8313.00  3.65782e-04
8313.50  3.66225e-04
8314.00  3.66687e-04
8314.50  3.67158e-04
8315.00  3.67624e-04
8315.50  3.68073e-04
8316.00  3.68492e-04
8316.50  3.68862e-04
8317.00  3.69162e-04
8317.50  3.69369e-04
8318.00  3.69454e-04
8318.50  3.69393e-04
8319.00  3.69156e-04
8319.50  3.68716e-04
8320.00  3.68053e-04
8320.50  3.67147e-04
8321.00  3.65992e-04
8321.50  3.64593e-04
8322.00  3.62965e-04
8322.50  3.61135e-04
8323.00  3.59143e-04
8323.50  3.57044e-04
8324.00  3.54895e-04
8324.50  3.52763e-04
8325.00  3.50711e-04
8325.50  3.48797e-04
8326.00  3.47068e-04
8326.50  3.45558e-04
8327.00  3.44285e-04
8327.50  3.43252e-04
8328.00  3.42450e-04
8328.50  3.41861e-04
8329.00  3.41462e-04
8329.50  3.41235e-04
8330.00  3.41167e-04
8330.50  3.41252e-04
8331.00  3.41492e-04
8331.50  3.41895e-04
8332.00  3.42470e-04
8332.50  3.43224e-04
8333.00  3.44156e-04
8333.50  3.45255e-04
8334.00  3.46498e-04
8334.50  3.47854e-04
8335.00  3.49281e-04
8335.50  3.50739e-04
8336.00  3.52184e-04
8336.50  3.53583e-04
8337.00  3.54908e-04
8337.50  3.56146e-04
8338.00  3.57290e-04
8338.50  3.58343e-04
8339.00  3.59314e-04
8339.50  3.60210e-04
8340.00  3.61040e-04
8340.50  3.61803e-04
8341.00  3.62500e-04
8341.50  3.63126e-04
8342.00  3.63667e-04
8342.50  3.64120e-04
8343.00  3.64480e-04
8343.50  3.64750e-04
8344.00  3.64935e-04
8344.50  3.65052e-04
8345.00  3.65126e-04
8345.50  3.65183e-04
8346.00  3.65251e-04
8346.50  3.65356e-04
8347.00  3.65518e-04
8347.50  3.65750e-04
8348.00  3.66057e-04
8348.50  3.66433e-04
8349.00  3.66863e-04
8349.50  3.67319e-04
8350.00  3.67772e-04
8350.50  3.68185e-04
8351.00  3.68523e-04
8351.50  3.68751e-04
8352.00  3.68841e-04
8352.50  3.68769e-04
8353.00  3.68522e-04
8353.50  3.68097e-04
8354.00  3.67503e-04
8354.50  3.66756e-04
8355.00  3.65886e-04
8355.50  3.64927e-04
8356.00  3.63920e-04
8356.50  3.62909e-04
8357.00  3.61940e-04
8357.50  3.61052e-04
8358.00  3.60284e-04
8358.50  3.59663e-04
8359.00  3.59212e-04
8359.50  3.58941e-04
8360.00  3.58855e-04
8360.50  3.58951e-04
8361.00  3.59216e-04
8361.50  3.59634e-04
8362.00  3.60186e-04
8362.50  3.60844e-04
8363.00  3.61581e-04
8363.50  3.62366e-04
8364.00  3.63163e-04
8364.50  3.63938e-04
8365.00  3.64656e-04
8365.50  3.65285e-04
8366.00  3.65796e-04
8366.50  3.66167e-04
8367.00  3.66387e-04
8367.50  3.66454e-04
8368.00  3.66380e-04
8368.50  3.66184e-04
8369.00  3.65900e-04
8369.50  3.65564e-04
8370.00  3.65216e-04
8370.50  3.64895e-04
8371.00  3.64633e-04
8371.50  3.64454e-04
8372.00  3.64371e-04
8372.50  3.64387e-04
8373.00  3.64495e-04
8373.50  3.64673e-04
8374.00  3.64902e-04
8374.50  3.65154e-04
8375.00  3.65401e-04
8375.50  3.65616e-04
8376.00  3.65780e-04
8376.50  3.65874e-04
8377.00  3.65885e-04
8377.50  3.65806e-04
8378.00  3.65638e-04
8378.50  3.65384e-04
8379.00  3.65055e-04
8379.50  3.64665e-04
8380.00  3.64234e-04
8380.50  3.63780e-04
8381.00  3.63325e-04
8381.50  3.62889e-04
8382.00  3.62487e-04
8382.50  3.62127e-04
8383.00  3.61811e-04
8383.50  3.61538e-04
8384.00  3.61295e-04
8384.50  3.61073e-04
8385.00  3.60858e-04
8385.50  3.60641e-04
8386.00  3.60420e-04
8386.50  3.60194e-04
8387.00  3.59974e-04
8387.50  3.59771e-04
8388.00  3.59603e-04
8388.50  3.59483e-04
8389.00  3.59421e-04
8389.50  3.59418e-04
8390.00  3.59468e-04
8390.50  3.59552e-04
8391.00  3.59648e-04
8391.50  3.59723e-04
8392.00  3.59748e-04
8392.50  3.59696e-04
8393.00  3.59547e-04
8393.50  3.59293e-04
8394.00  3.58940e-04
8394.50  3.58507e-04
8395.00  3.58025e-04
8395.50  3.57533e-04
8396.00  3.57079e-04
8396.50  3.56710e-04
8397.00  3.56472e-04
8397.50  3.56398e-04
8398.00  3.56524e-04
8398.50  3.56868e-04
8399.00  3.57442e-04
8399.50  3.58247e-04
8400.00  3.59275e-04
8400.50  3.60511e-04
8401.00  3.61932e-04
8401.50  3.63507e-04
8402.00  3.65198e-04
8402.50  3.66962e-04
8403.00  3.68747e-04
8403.50  3.70498e-04
8404.00  3.72159e-04
8404.50  3.73669e-04
8405.00  3.74974e-04
8405.50  3.76023e-04
8406.00  3.76778e-04
8406.50  3.77207e-04
8407.00  3.77296e-04
8407.50  3.77042e-04
8408.00  3.76456e-04
8408.50  3.75562e-04
8409.00  3.74393e-04
8409.50  3.72990e-04
8410.00  3.71400e-04
8410.50  3.69669e-04
8411.00  3.67847e-04
8411.50  3.65978e-04
8412.00  3.64099e-04
8412.50  3.62246e-04
8413.00  3.60450e-04
8413.50  3.58734e-04
8414.00  3.57119e-04
8414.50  3.55625e-04
8415.00  3.54268e-04
8415.50  3.53061e-04
8416.00  3.52018e-04
8416.50  3.51147e-04
8417.00  3.50452e-04
8417.50  3.49926e-04
8418.00  3.49557e-04
8418.50  3.49319e-04
8419.00  3.49175e-04
8419.50  3.49082e-04
8420.00  3.48991e-04
8420.50  3.48851e-04
8421.00  3.48619e-04
8421.50  3.48263e-04
8422.00  3.47769e-04
8422.50  3.47139e-04
8423.00  3.46397e-04
8423.50  3.45587e-04
8424.00  3.44768e-04
8424.50  3.44008e-04
8425.00  3.43374e-04
8425.50  3.42927e-04
8426.00  3.42712e-04
