7961.50  3.90184e-05
7954.50  3.92337e-05
7955.00  3.91994e-05
7955.50  3.91705e-05
7956.00  3.91475e-05
7956.50  3.91305e-05
7957.00  3.91186e-05
7957.50  3.91105e-05
7958.00  3.91047e-05
7958.50  3.90997e-05
7959.00  3.90936e-05
7959.50  3.90852e-05
7960.00  3.90737e-05
7960.50  3.90588e-05
7961.00  3.90401e-05
7961.50  3.90184e-05
7962.00  3.89945e-05
7962.50  3.89694e-05
7963.00  3.89446e-05
7963.50  3.89215e-05
7964.00  3.89019e-05
7964.50  3.88871e-05
7965.00  3.88788e-05
7965.50  3.88783e-05
7966.00  3.88869e-05
7966.50  3.89055e-05
7967.00  3.89344e-05
7967.50  3.89739e-05
7968.00  3.90236e-05
7968.50  3.90827e-05
7969.00  3.91497e-05
7969.50  3.92232e-05
7970.00  3.93011e-05
7970.50  3.93811e-05
7971.00  3.94610e-05
7971.50  3.95387e-05
7972.00  3.96118e-05
7972.50  3.96784e-05
7973.00  3.97372e-05
7973.50  3.97870e-05
7974.00  3.98273e-05
7974.50  3.98582e-05
7975.00  3.98804e-05
7975.50  3.98952e-05
7976.00  3.99046e-05
7976.50  3.99107e-05
7977.00  3.99159e-05
7977.50  3.99226e-05
7978.00  3.99327e-05
7978.50  3.99474e-05
7979.00  3.99668e-05
7979.50  3.99902e-05
7980.00  4.00157e-05
7980.50  4.00406e-05
7981.00  4.00618e-05
7981.50  4.00759e-05
7982.00  4.00801e-05
7982.50  4.00722e-05
7983.00  4.00514e-05
7983.50  4.00179e-05
7984.00  3.99738e-05
7984.50  3.99220e-05
7985.00  3.98664e-05
7985.50  3.98118e-05
7986.00  3.97623e-05
7986.50  3.97216e-05
7987.00  3.96920e-05
7987.50  3.96745e-05
7988.00  3.96682e-05
7988.50  3.96705e-05
7989.00  3.96775e-05
7989.50  3.96841e-05
7990.00  3.96849e-05
7990.50  3.96745e-05
7991.00  3.96482e-05
7991.50  3.96026e-05
7992.00  3.95358e-05
7992.50  3.94477e-05
7993.00  3.93402e-05
7993.50  3.92163e-05
7994.00  3.90810e-05
7994.50  3.89397e-05
7995.00  3.87988e-05
7995.50  3.86645e-05
7996.00  3.85426e-05
7996.50  3.84383e-05
7997.00  3.83557e-05
7997.50  3.82977e-05
7998.00  3.82659e-05
7998.50  3.82605e-05
7999.00  3.82805e-05
7999.50  3.83237e-05
8000.00  3.83868e-05
8000.50  3.84658e-05
8001.00  3.85563e-05
8001.50  3.86534e-05
8002.00  3.87522e-05
8002.50  3.88481e-05
8003.00  3.89365e-05
8003.50  3.90139e-05
8004.00  3.90770e-05
8004.50  3.91239e-05
8005.00  3.91534e-05
8005.50  3.91653e-05
8006.00  3.91607e-05
8006.50  3.91418e-05
8007.00  3.91114e-05
8007.50  3.90732e-05
8008.00  3.90311e-05
8008.50  3.89890e-05
8009.00  3.89502e-05
8009.50  3.89176e-05
8010.00  3.88923e-05
8010.50  3.88752e-05
8011.00  3.88656e-05
8011.50  3.88618e-05
8012.00  3.88617e-05
8012.50  3.88625e-05
8013.00  3.88616e-05
8013.50  3.88569e-05
8014.00  3.88463e-05
8014.50  3.88295e-05
8015.00  3.88065e-05
8015.50  3.87785e-05
8016.00  3.87473e-05
8016.50  3.87147e-05
8017.00  3.86829e-05
8017.50  3.86536e-05
8018.00  3.86280e-05
8018.50  3.86064e-05
8019.00  3.85886e-05
8019.50  3.85733e-05
8020.00  3.85590e-05
8020.50  3.85435e-05
8021.00  3.85249e-05
8021.50  3.85016e-05
8022.00  3.84726e-05
8022.50  3.84376e-05
8023.00  3.83976e-05
8023.50  3.83542e-05
8024.00  3.83104e-05
8024.50  3.82701e-05
8025.00  3.82373e-05
8025.50  3.82169e-05
8026.00  3.82131e-05
8026.50  3.82296e-05
8027.00  3.82693e-05
8027.50  3.83333e-05
8028.00  3.84214e-05
8028.50  3.85315e-05
8029.00  3.86602e-05
8029.50  3.88025e-05
8030.00  3.89526e-05
8030.50  3.91045e-05
8031.00  3.92523e-05
8031.50  3.93911e-05
8032.00  3.95165e-05
8032.50  3.96266e-05
8033.00  3.97202e-05
8033.50  3.97974e-05
8034.00  3.98600e-05
8034.50  3.99098e-05
8035.00  3.99491e-05
8035.50  3.99798e-05
8036.00  4.00032e-05
8036.50  4.00200e-05
8037.00  4.00298e-05
8037.50  4.00315e-05
8038.00  4.00230e-05
8038.50  4.00017e-05
8039.00  3.99648e-05
8039.50  3.99092e-05
8040.00  3.98324e-05
8040.50  3.97320e-05
8041.00  3.96072e-05
8041.50  3.94577e-05
8042.00  3.92847e-05
8042.50  3.90915e-05
8043.00  3.88823e-05
8043.50  3.86632e-05
8044.00  3.84415e-05
8044.50  3.82252e-05
8045.00  3.80226e-05
8045.50  3.78418e-05
8046.00  3.76896e-05
8046.50  3.75714e-05
8047.00  3.74907e-05
8047.50  3.74488e-05
8048.00  3.74448e-05
8048.50  3.74759e-05
8049.00  3.75383e-05
8049.50  3.76268e-05
8050.00  3.77361e-05
8050.50  3.78611e-05
8051.00  3.79974e-05
8051.50  3.81415e-05
8052.00  3.82906e-05
8052.50  3.84432e-05
8053.00  3.85982e-05
8053.50  3.87552e-05
8054.00  3.89135e-05
8054.50  3.90722e-05
8055.00  3.92301e-05
8055.50  3.93851e-05
8056.00  3.95346e-05
8056.50  3.96756e-05
8057.00  3.98046e-05
8057.50  3.99184e-05
8058.00  4.00139e-05
8058.50  4.00889e-05
8059.00  4.01422e-05
8059.50  4.01734e-05
8060.00  4.01835e-05
8060.50  4.01744e-05
8061.00  4.01484e-05
8061.50  4.01088e-05
8062.00  4.00591e-05
8062.50  4.00022e-05
8063.00  3.99409e-05
8063.50  3.98776e-05
8064.00  3.98139e-05
8064.50  3.97511e-05
8065.00  3.96899e-05
8065.50  3.96308e-05
8066.00  3.95742e-05
8066.50  3.95204e-05
8067.00  3.94703e-05
8067.50  3.94245e-05
8068.00  3.93837e-05
8068.50  3.93490e-05
8069.00  3.93210e-05
8069.50  3.93002e-05
8070.00  3.92868e-05
8070.50  3.92801e-05
8071.00  3.92792e-05
8071.50  3.92825e-05
8072.00  3.92879e-05
8072.50  3.92927e-05
8073.00  3.92940e-05
8073.50  3.92887e-05
8074.00  3.92738e-05
8074.50  3.92463e-05
8075.00  3.92040e-05
8075.50  3.91452e-05
8076.00  3.90693e-05
8076.50  3.89767e-05
8077.00  3.88694e-05
8077.50  3.87503e-05
8078.00  3.86240e-05
8078.50  3.84958e-05
8079.00  3.83720e-05
8079.50  3.82592e-05
8080.00  3.81635e-05
8080.50  3.80908e-05
8081.00  3.80451e-05
8081.50  3.80290e-05
8082.00  3.80427e-05
8082.50  3.80846e-05
8083.00  3.81504e-05
8083.50  3.82338e-05
8084.00  3.83268e-05
8084.50  3.84201e-05
8085.00  3.85036e-05
8085.50  3.85672e-05
8086.00  3.86018e-05
8086.50  3.85995e-05
8087.00  3.85550e-05
8087.50  3.84655e-05
8088.00  3.83319e-05
8088.50  3.81582e-05
8089.00  3.79518e-05
8089.50  3.77230e-05
8090.00  3.74843e-05
8090.50  3.72498e-05
8091.00  3.70332e-05
8091.50  3.68479e-05
8092.00  3.67048e-05
8092.50  3.66124e-05
8093.00  3.65752e-05
8093.50  3.65946e-05
8094.00  3.66681e-05
8094.50  3.67902e-05
8095.00  3.69532e-05
8095.50  3.71472e-05
8096.00  3.73626e-05
8096.50  3.75897e-05
8097.00  3.78199e-05
8097.50  3.80461e-05
8098.00  3.82634e-05
8098.50  3.84685e-05
8099.00  3.86601e-05
8099.50  3.88381e-05
8100.00  3.90038e-05
8100.50  3.91588e-05
8101.00  3.93051e-05
8101.50  3.94444e-05
8102.00  3.95777e-05
8102.50  3.97057e-05
8103.00  3.98281e-05
8103.50  3.99440e-05
8104.00  4.00522e-05
8104.50  4.01510e-05
8105.00  4.02391e-05
8105.50  4.03150e-05
8106.00  4.03781e-05
8106.50  4.04284e-05
8107.00  4.04666e-05
8107.50  4.04941e-05
8108.00  4.05131e-05
8108.50  4.05258e-05
8109.00  4.05347e-05
8109.50  4.05420e-05
8110.00  4.05495e-05
8110.50  4.05585e-05
8111.00  4.05689e-05
8111.50  4.05805e-05
8112.00  4.05921e-05
8112.50  4.06017e-05
8113.00  4.06072e-05
8113.50  4.06062e-05
8114.00  4.05964e-05
8114.50  4.05761e-05
8115.00  4.05437e-05
8115.50  4.04987e-05
8116.00  4.04414e-05
8116.50  4.03725e-05
8117.00  4.02941e-05
8117.50  4.02088e-05
8118.00  4.01198e-05
8118.50  4.00306e-05
8119.00  3.99444e-05
8119.50  3.98646e-05
8120.00  3.97938e-05
8120.50  3.97340e-05
8121.00  3.96860e-05
8121.50  3.96500e-05
8122.00  3.96251e-05
8122.50  3.96096e-05
8123.00  3.96013e-05
8123.50  3.95976e-05
8124.00  3.95959e-05
8124.50  3.95937e-05
8125.00  3.95885e-05
8125.50  3.95784e-05
8126.00  3.95621e-05
8126.50  3.95387e-05
8127.00  3.95080e-05
8127.50  3.94703e-05
8128.00  3.94269e-05
8128.50  3.93792e-05
8129.00  3.93295e-05
8129.50  3.92799e-05
8130.00  3.92330e-05
8130.50  3.91908e-05
8131.00  3.91553e-05
8131.50  3.91277e-05
8132.00  3.91085e-05
8132.50  3.90975e-05
8133.00  3.90944e-05
8133.50  3.90980e-05
8134.00  3.91078e-05
8134.50  3.91230e-05
8135.00  3.91436e-05
8135.50  3.91699e-05
8136.00  3.92029e-05
8136.50  3.92439e-05
8137.00  3.92942e-05
8137.50  3.93547e-05
8138.00  3.94255e-05
8138.50  3.95057e-05
8139.00  3.95933e-05
8139.50  3.96851e-05
8140.00  3.97768e-05
8140.50  3.98635e-05
8141.00  3.99398e-05
8141.50  4.00004e-05
8142.00  4.00406e-05
8142.50  4.00563e-05
8143.00  4.00450e-05
8143.50  4.00052e-05
8144.00  3.99373e-05
8144.50  3.98433e-05
8145.00  3.97267e-05
8145.50  3.95924e-05
8146.00  3.94466e-05
8146.50  3.92965e-05
8147.00  3.91494e-05
8147.50  3.90133e-05
8148.00  3.88950e-05
8148.50  3.88006e-05
8149.00  3.87348e-05
8149.50  3.87003e-05
8150.00  3.86978e-05
8150.50  3.87258e-05
8151.00  3.87807e-05
8151.50  3.88577e-05
8152.00  3.89501e-05
8152.50  3.90512e-05
8153.00  3.91538e-05
8153.50  3.92514e-05
8154.00  3.93380e-05
8154.50  3.94092e-05
8155.00  3.94616e-05
8155.50  3.94932e-05
8156.00  3.95036e-05
8156.50  3.94938e-05
8157.00  3.94656e-05
8157.50  3.94221e-05
8158.00  3.93671e-05
8158.50  3.93051e-05
8159.00  3.92411e-05
8159.50  3.91798e-05
8160.00  3.91259e-05
8160.50  3.90839e-05
8161.00  3.90572e-05
8161.50  3.90485e-05
8162.00  3.90591e-05
8162.50  3.90893e-05
8163.00  3.91385e-05
8163.50  3.92048e-05
8164.00  3.92860e-05
8164.50  3.93792e-05
8165.00  3.94808e-05
8165.50  3.95881e-05
8166.00  3.96980e-05
8166.50  3.98074e-05
8167.00  3.99134e-05
8167.50  4.00136e-05
8168.00  4.01055e-05
8168.50  4.01869e-05
8169.00  4.02562e-05
8169.50  4.03121e-05
8170.00  4.03540e-05
8170.50  4.03816e-05
8171.00  4.03959e-05
8171.50  4.03982e-05
8172.00  4.03901e-05
8172.50  4.03738e-05
8173.00  4.03516e-05
8173.50  4.03255e-05
8174.00  4.02973e-05
8174.50  4.02686e-05
8175.00  4.02403e-05
8175.50  4.02133e-05
8176.00  4.01876e-05
8176.50  4.01637e-05
8177.00  4.01415e-05
8177.50  4.01213e-05
8178.00  4.01030e-05
8178.50  4.00866e-05
8179.00  4.00719e-05
8179.50  4.00589e-05
8180.00  4.00471e-05
8180.50  4.00357e-05
8181.00  4.00240e-05
8181.50  4.00113e-05
8182.00  3.99972e-05
8182.50  3.99812e-05
8183.00  3.99633e-05
8183.50  3.99437e-05
8184.00  3.99229e-05
8184.50  3.99015e-05
8185.00  3.98796e-05
8185.50  3.98577e-05
8186.00  3.98350e-05
8186.50  3.98107e-05
8187.00  3.97826e-05
8187.50  3.97482e-05
8188.00  3.97046e-05
8188.50  3.96483e-05
8189.00  3.95760e-05
8189.50  3.94848e-05
8190.00  3.93730e-05
8190.50  3.92402e-05
8191.00  3.90871e-05
8191.50  3.89171e-05
8192.00  3.87342e-05
8192.50  3.85444e-05
8193.00  3.83541e-05
8193.50  3.81706e-05
8194.00  3.80003e-05
8194.50  3.78492e-05
8195.00  3.77217e-05
8195.50  3.76206e-05
8196.00  3.75468e-05
8196.50  3.74994e-05
8197.00  3.74760e-05
8197.50  3.74729e-05
8198.00  3.74857e-05
8198.50  3.75097e-05
8199.00  3.75405e-05
8199.50  3.75742e-05
8200.00  3.76079e-05
8200.50  3.76396e-05
8201.00  3.76682e-05
8201.50  3.76939e-05
8202.00  3.77175e-05
8202.50  3.77403e-05
8203.00  3.77638e-05
8203.50  3.77895e-05
8204.00  3.78182e-05
8204.50  3.78501e-05
8205.00  3.78848e-05
8205.50  3.79207e-05
8206.00  3.79555e-05
8206.50  3.79862e-05
8207.00  3.80100e-05
8207.50  3.80240e-05
8208.00  3.80257e-05
8208.50  3.80142e-05
8209.00  3.79894e-05
8209.50  3.79531e-05
8210.00  3.79079e-05
8210.50  3.78581e-05
8211.00  3.78086e-05
8211.50  3.77646e-05
8212.00  3.77309e-05
8212.50  3.77115e-05
8213.00  3.77087e-05
8213.50  3.77237e-05
8214.00  3.77550e-05
8214.50  3.78006e-05
8215.00  3.78567e-05
8215.50  3.79191e-05
8216.00  3.79840e-05
8216.50  3.80477e-05
8217.00  3.81083e-05
8217.50  3.81652e-05
8218.00  3.82191e-05
8218.50  3.82722e-05
8219.00  3.83277e-05
8219.50  3.83892e-05
8220.00  3.84593e-05
8220.50  3.85407e-05
8221.00  3.86346e-05
8221.50  3.87411e-05
8222.00  3.88582e-05
8222.50  3.89837e-05
8223.00  3.91141e-05
8223.50  3.92452e-05
8224.00  3.93733e-05
8224.50  3.94947e-05
8225.00  3.96062e-05
8225.50  3.97055e-05
8226.00  3.97909e-05
8226.50  3.98616e-05
8227.00  3.99171e-05
8227.50  3.99574e-05
8228.00  3.99827e-05
8228.50  3.99939e-05
8229.00  3.99916e-05
8229.50  3.99766e-05
8230.00  3.99497e-05
8230.50  3.99122e-05
8231.00  3.98652e-05
8231.50  3.98100e-05
8232.00  3.97483e-05
8232.50  3.96818e-05
8233.00  3.96128e-05
8233.50  3.95433e-05
8234.00  3.94755e-05
8234.50  3.94120e-05
8235.00  3.93549e-05
8235.50  3.93061e-05
8236.00  3.92675e-05
8236.50  3.92402e-05
8237.00  3.92250e-05
8237.50  3.92223e-05
8238.00  3.92315e-05
8238.50  3.92518e-05
8239.00  3.92820e-05
8239.50  3.93202e-05
8240.00  3.93645e-05
8240.50  3.94127e-05
8241.00  3.94623e-05
8241.50  3.95112e-05
8242.00  3.95569e-05
8242.50  3.95970e-05
8243.00  3.96293e-05
8243.50  3.96516e-05
8244.00  3.96620e-05
8244.50  3.96586e-05
8245.00  3.96398e-05
8245.50  3.96045e-05
8246.00  3.95520e-05
8246.50  3.94823e-05
8247.00  3.93959e-05
8247.50  3.92944e-05
8248.00  3.91798e-05
8248.50  3.90554e-05
8249.00  3.89246e-05
8249.50  3.87916e-05
8250.00  3.86610e-05
8250.50  3.85374e-05
8251.00  3.84247e-05
8251.50  3.83273e-05
8252.00  3.82482e-05
8252.50  3.81897e-05
8253.00  3.81536e-05
8253.50  3.81407e-05
8254.00  3.81506e-05
8254.50  3.81829e-05
8255.00  3.82359e-05
8255.50  3.83077e-05
8256.00  3.83957e-05
8256.50  3.84968e-05
8257.00  3.86077e-05
8257.50  3.87243e-05
8258.00  3.88425e-05
8258.50  3.89581e-05
8259.00  3.90665e-05
8259.50  3.91639e-05
8260.00  3.92469e-05
8260.50  3.93129e-05
8261.00  3.93605e-05
8261.50  3.93891e-05
8262.00  3.93996e-05
8262.50  3.93939e-05
8263.00  3.93748e-05
8263.50  3.93457e-05
8264.00  3.93101e-05
8264.50  3.92717e-05
8265.00  3.92337e-05
8265.50  3.91987e-05
8266.00  3.91682e-05
8266.50  3.91431e-05
8267.00  3.91229e-05
8267.50  3.91066e-05
8268.00  3.90923e-05
8268.50  3.90779e-05
8269.00  3.90615e-05
8269.50  3.90411e-05
8270.00  3.90157e-05
8270.50  3.89851e-05
8271.00  3.89497e-05
8271.50  3.89112e-05
8272.00  3.88720e-05
8272.50  3.88345e-05
8273.00  3.88018e-05
8273.50  3.87760e-05
8274.00  3.87591e-05
8274.50  3.87519e-05
8275.00  3.87540e-05
8275.50  3.87640e-05
8276.00  3.87795e-05
8276.50  3.87975e-05
8277.00  3.88142e-05
8277.50  3.88260e-05
8278.00  3.88296e-05
8278.50  3.88221e-05
8279.00  3.88015e-05
8279.50  3.87662e-05
8280.00  3.87158e-05
8280.50  3.86503e-05
8281.00  3.85698e-05
8281.50  3.84749e-05
8282.00  3.83658e-05
8282.50  3.82427e-05
8283.00  3.81056e-05
8283.50  3.79545e-05
8284.00  3.77893e-05
8284.50  3.76105e-05
8285.00  3.74191e-05
8285.50  3.72172e-05
8286.00  3.70070e-05
8286.50  3.67925e-05
8287.00  3.65775e-05
8287.50  3.63662e-05
8288.00  3.61631e-05
8288.50  3.59719e-05
8289.00  3.57958e-05
8289.50  3.56370e-05
8290.00  3.54967e-05
8290.50  3.53753e-05
8291.00  3.52721e-05
8291.50  3.51862e-05
8292.00  3.51161e-05
8292.50  3.50605e-05
8293.00  3.50176e-05
8293.50  3.49859e-05
8294.00  3.49646e-05
8294.50  3.49527e-05
8295.00  3.49496e-05
8295.50  3.49553e-05
8296.00  3.49702e-05
8296.50  3.49949e-05
8297.00  3.50305e-05
8297.50  3.50783e-05
8298.00  3.51396e-05
8298.50  3.52154e-05
8299.00  3.53061e-05
8299.50  3.54114e-05
8300.00  3.55300e-05
8300.50  3.56594e-05
8301.00  3.57965e-05
8301.50  3.59370e-05
8302.00  3.60762e-05
8302.50  3.62095e-05
8303.00  3.63321e-05
8303.50  3.64401e-05
8304.00  3.65300e-05
8304.50  3.65997e-05
8305.00  3.66477e-05
8305.50  3.66741e-05
8306.00  3.66796e-05
8306.50  3.66657e-05
8307.00  3.66349e-05
8307.50  3.65899e-05
8308.00  3.65345e-05
8308.50  3.64717e-05
8309.00  3.64055e-05
8309.50  3.63393e-05
8310.00  3.62765e-05
8310.50  3.62201e-05
8311.00  3.61726e-05
8311.50  3.61357e-05
8312.00  3.61109e-05
8312.50  3.60991e-05
8313.00  3.60997e-05
8313.50  3.61129e-05
8314.00  3.61372e-05
8314.50  3.61711e-05
8315.00  3.62123e-05
8315.50  3.62584e-05
8316.00  3.63065e-05
8316.50  3.63528e-05
8317.00  3.63940e-05
8317.50  3.64261e-05
8318.00  3.64451e-05
8318.50  3.64478e-05
8319.00  3.64306e-05
8319.50  3.63909e-05
8320.00  3.63267e-05
8320.50  3.62370e-05
8321.00  3.61216e-05
8321.50  3.59820e-05
8322.00  3.58205e-05
8322.50  3.56408e-05
8323.00  3.54477e-05
8323.50  3.52472e-05
8324.00  3.50457e-05
8324.50  3.48501e-05
8325.00  3.46671e-05
8325.50  3.45023e-05
8326.00  3.43602e-05
8326.50  3.42440e-05
8327.00  3.41549e-05
8327.50  3.40926e-05
8328.00  3.40554e-05
8328.50  3.40405e-05
8329.00  3.40450e-05
8329.50  3.40658e-05
8330.00  3.41007e-05
8330.50  3.41483e-05
8331.00  3.42079e-05
8331.50  3.42795e-05
8332.00  3.43634e-05
8332.50  3.44600e-05
8333.00  3.45691e-05
8333.50  3.46894e-05
8334.00  3.48192e-05
8334.50  3.49556e-05
8335.00  3.50952e-05
8335.50  3.52344e-05
8336.00  3.53700e-05
8336.50  3.54992e-05
8337.00  3.56201e-05
8337.50  3.57319e-05
8338.00  3.58348e-05
8338.50  3.59294e-05
8339.00  3.60173e-05
8339.50  3.61000e-05
8340.00  3.61787e-05
8340.50  3.62540e-05
8341.00  3.63264e-05
8341.50  3.63957e-05
8342.00  3.64606e-05
8342.50  3.65204e-05
8343.00  3.65740e-05
8343.50  3.66203e-05
8344.00  3.66585e-05
8344.50  3.66884e-05
8345.00  3.67106e-05
8345.50  3.67254e-05
8346.00  3.67341e-05
8346.50  3.67380e-05
8347.00  3.67382e-05
8347.50  3.67360e-05
8348.00  3.67324e-05
8348.50  3.67276e-05
8349.00  3.67220e-05
8349.50  3.67147e-05
8350.00  3.67048e-05
8350.50  3.66910e-05
8351.00  3.66718e-05
8351.50  3.66456e-05
8352.00  3.66111e-05
8352.50  3.65672e-05
8353.00  3.65133e-05
8353.50  3.64498e-05
8354.00  3.63773e-05
8354.50  3.62974e-05
8355.00  3.62123e-05
8355.50  3.61249e-05
8356.00  3.60381e-05
8356.50  3.59555e-05
8357.00  3.58806e-05
8357.50  3.58165e-05
8358.00  3.57659e-05
8358.50  3.57311e-05
8359.00  3.57135e-05
8359.50  3.57139e-05
8360.00  3.57321e-05
8360.50  3.57674e-05
8361.00  3.58183e-05
8361.50  3.58827e-05
8362.00  3.59580e-05
8362.50  3.60410e-05
8363.00  3.61284e-05
8363.50  3.62165e-05
8364.00  3.63008e-05
8364.50  3.63777e-05
8365.00  3.64430e-05
8365.50  3.64933e-05
8366.00  3.65258e-05
8366.50  3.65388e-05
8367.00  3.65320e-05
8367.50  3.65062e-05
8368.00  3.64641e-05
8368.50  3.64094e-05
8369.00  3.63475e-05
8369.50  3.62837e-05
8370.00  3.62240e-05
8370.50  3.61736e-05
8371.00  3.61370e-05
8371.50  3.61170e-05
8372.00  3.61150e-05
8372.50  3.61307e-05
8373.00  3.61622e-05
8373.50  3.62061e-05
8374.00  3.62588e-05
8374.50  3.63159e-05
8375.00  3.63731e-05
8375.50  3.64264e-05
8376.00  3.64726e-05
8376.50  3.65093e-05
8377.00  3.65346e-05
8377.50  3.65477e-05
8378.00  3.65484e-05
8378.50  3.65371e-05
8379.00  3.65148e-05
8379.50  3.64830e-05
8380.00  3.64434e-05
8380.50  3.63981e-05
8381.00  3.63490e-05
8381.50  3.62981e-05
8382.00  3.62471e-05
8382.50  3.61972e-05
8383.00  3.61490e-05
8383.50  3.61031e-05
8384.00  3.60592e-05
8384.50  3.60174e-05
8385.00  3.59773e-05
8385.50  3.59391e-05
8386.00  3.59031e-05
8386.50  3.58702e-05
8387.00  3.58413e-05
8387.50  3.58176e-05
8388.00  3.58003e-05
8388.50  3.57899e-05
8389.00  3.57864e-05
8389.50  3.57888e-05
8390.00  3.57953e-05
8390.50  3.58031e-05
8391.00  3.58091e-05
8391.50  3.58097e-05
8392.00  3.58017e-05
8392.50  3.57828e-05
8393.00  3.57512e-05
8393.50  3.57072e-05
8394.00  3.56522e-05
8394.50  3.55894e-05
8395.00  3.55231e-05
8395.50  3.54583e-05
8396.00  3.54010e-05
8396.50  3.53567e-05
8397.00  3.53309e-05
8397.50  3.53273e-05
8398.00  3.53496e-05
8398.50  3.53995e-05
8399.00  3.54778e-05
8399.50  3.55839e-05
8400.00  3.57160e-05
8400.50  3.58716e-05
8401.00  3.60471e-05
8401.50  3.62382e-05
8402.00  3.64399e-05
8402.50  3.66467e-05
8403.00  3.68523e-05
8403.50  3.70505e-05
8404.00  3.72350e-05
8404.50  3.73994e-05
8405.00  3.75382e-05
8405.50  3.76464e-05
8406.00  3.77204e-05
8406.50  3.77579e-05
8407.00  3.77583e-05
8407.50  3.77222e-05
8408.00  3.76519e-05
8408.50  3.75510e-05
8409.00  3.74241e-05
8409.50  3.72766e-05
8410.00  3.71143e-05
8410.50  3.69429e-05
8411.00  3.67682e-05
8411.50  3.65952e-05
8412.00  3.64276e-05
8412.50  3.62689e-05
8413.00  3.61215e-05
8413.50  3.59866e-05
8414.00  3.58648e-05
8414.50  3.57561e-05
8415.00  3.56602e-05
8415.50  3.55763e-05
8416.00  3.55036e-05
8416.50  3.54414e-05
8417.00  3.53888e-05
8417.50  3.53445e-05
8418.00  3.53072e-05
8418.50  3.52747e-05
8419.00  3.52445e-05
8419.50  3.52135e-05
8420.00  3.51783e-05
8420.50  3.51355e-05
8421.00  3.50817e-05
8421.50  3.50149e-05
8422.00  3.49342e-05
8422.50  3.48400e-05
8423.00  3.47348e-05
8423.50  3.46229e-05
8424.00  3.45100e-05
8424.50  3.44029e-05
8425.00  3.43085e-05
8425.50  3.42333e-05
8426.00  3.41825e-05
