84   [N_base]
BRGeneva_z004_salp_00.K       1.00E+06   0.00370470       ageGe_00_z004   1.00000   0.00   0.00
Mun1.30Zm0.71T00.3162.K       3.16E+08   0.00370470         V00.31m0.71   0.79740   0.00   0.00
Mun1.30Zm0.71T00.1000.K       1.00E+08   0.00370470         V00.10m0.71   0.84210   0.00   0.00
Mun1.30Zm0.71T00.3981.K       3.98E+08   0.00370470         V00.39m0.71   0.78900   0.00   0.00
Mun1.30Zm0.71T00.5012.K       5.01E+08   0.00370470         V00.50m0.71   0.78040   0.00   0.00
br04_z004_salp_ssp_gi_24.K    5.62E+07   0.00370470          age24_z004   0.86310   0.00   0.00
Mun1.30Zm0.71T00.6310.K       6.31E+08   0.00370470         V00.63m0.71   0.77240   0.00   0.00
Mun1.30Zm0.71T00.7079.K       7.08E+08   0.00370470         V00.70m0.71   0.76840   0.00   0.00
br04_z004_salp_ssp_gi_19.K    3.16E+07   0.00370470          age19_z004   0.88240   0.00   0.00
Mun1.30Zm0.71T00.7943.K       7.94E+08   0.00370470         V00.79m0.71   0.76450   0.00   0.00
Mun1.30Zm0.71T00.8913.K       8.91E+08   0.00370470         V00.89m0.71   0.76070   0.00   0.00
Mun1.30Zm0.71T01.0000.K       1.00E+09   0.00370470         V01.00m0.71   0.75700   0.00   0.00
br04_z004_salp_ssp_gi_15.K    2.00E+07   0.00370470          age15_z004   0.89820   0.00   0.00
Mun1.30Zm0.71T00.1995.K       2.00E+08   0.00370470         V00.19m0.71   0.81500   0.00   0.00
Mun1.30Zm0.71T01.9953.K       2.00E+09   0.00370470         V01.99m0.71   0.73360   0.00   0.00
Mun1.30Zm0.71T12.5893.K       1.26E+10   0.00370470         V12.58m0.71   0.69160   0.00   0.00
br04_z004_salp_ssp_gi_04.K    5.62E+06   0.00370470          age04_z004   0.94310   0.00   0.00
br04_z004_salp_ssp_gi_09.K    1.00E+07   0.00370470          age09_z004   0.92240   0.00   0.00
Mun1.30Zm0.71T05.0119.K       5.01E+09   0.00370470         V05.01m0.71   0.71020   0.00   0.00
br04_z004_salp_ssp_gi_12.K    1.41E+07   0.00370470          age12_z004   0.91020   0.00   0.00
Mun1.30Zm0.71T08.9125.K       8.91E+09   0.00370470         V08.91m0.71   0.69860   0.00   0.00
Mun1.30Zm0.40T12.5893.K       1.26E+10   0.00756400         V12.58m0.40   0.68940   0.00   0.00
Mun1.30Zm0.40T00.3162.K       3.16E+08   0.00756400         V00.31m0.40   0.79480   0.00   0.00
Mun1.30Zm0.40T08.9125.K       8.91E+09   0.00756400         V08.91m0.40   0.69760   0.00   0.00
Mun1.30Zm0.40T00.5012.K       5.01E+08   0.00756400         V00.50m0.40   0.77780   0.00   0.00
Mun1.30Zm0.40T01.0000.K       1.00E+09   0.00756400         V01.00m0.40   0.75470   0.00   0.00
Mun1.30Zm0.40T00.7079.K       7.08E+08   0.00756400         V00.70m0.40   0.76580   0.00   0.00
Mun1.30Zm0.40T01.9953.K       2.00E+09   0.00756400         V01.99m0.40   0.73140   0.00   0.00
Mun1.30Zm0.40T00.7943.K       7.94E+08   0.00756400         V00.79m0.40   0.76180   0.00   0.00
Mun1.30Zm0.40T00.1995.K       2.00E+08   0.00756400         V00.19m0.40   0.81300   0.00   0.00
Mun1.30Zm0.40T00.8913.K       8.91E+08   0.00756400         V00.89m0.40   0.75830   0.00   0.00
Mun1.30Zm0.40T05.0119.K       5.01E+09   0.00756400         V05.01m0.40   0.70880   0.00   0.00
Mun1.30Zm0.40T00.6310.K       6.31E+08   0.00756400         V00.63m0.40   0.76980   0.00   0.00
Mun1.30Zm0.40T00.3981.K       3.98E+08   0.00756400         V00.39m0.40   0.78610   0.00   0.00
br04_z008_salp_ssp_gi_09.K    1.00E+07   0.00756400          age09_z008   0.92240   0.00   0.00
BRGeneva_z008_salp_00.K       1.00E+06   0.00756400       ageGe_00_z008   1.00000   0.00   0.00
Mun1.30Zm0.40T00.1000.K       1.00E+08   0.00756400         V00.10m0.40   0.84030   0.00   0.00
br04_z008_salp_ssp_gi_15.K    2.00E+07   0.00756400          age15_z008   0.89820   0.00   0.00
br04_z008_salp_ssp_gi_04.K    5.62E+06   0.00756400          age04_z008   0.94310   0.00   0.00
br04_z008_salp_ssp_gi_12.K    1.41E+07   0.00756400          age12_z008   0.91020   0.00   0.00
br04_z008_salp_ssp_gi_19.K    3.16E+07   0.00756400          age19_z008   0.88240   0.00   0.00
br04_z008_salp_ssp_gi_24.K    5.62E+07   0.00756400          age24_z008   0.86310   0.00   0.00
br04_z019_salp_ssp_gi_15.K    2.00E+07   0.01900000          age15_z019   0.89820   0.00   0.00
br04_z019_salp_ssp_gi_12.K    1.41E+07   0.01900000          age12_z019   0.91020   0.00   0.00
Mun1.30Zp0.00T00.8913.K       8.91E+08   0.01900000         V00.89p0.00   0.78280   0.00   0.00
Mun1.30Zp0.00T01.0000.K       1.00E+09   0.01900000         V01.00p0.00   0.77940   0.00   0.00
Mun1.30Zp0.00T00.1995.K       2.00E+08   0.01900000         V00.19p0.00   0.82540   0.00   0.00
Mun1.30Zp0.00T01.9953.K       2.00E+09   0.01900000         V01.99p0.00   0.75500   0.00   0.00
br04_z019_salp_ssp_gi_04.K    5.62E+06   0.01900000          age04_z019   0.94310   0.00   0.00
Mun1.30Zp0.00T05.0119.K       5.01E+09   0.01900000         V05.01p0.00   0.73190   0.00   0.00
Mun1.30Zp0.00T08.9125.K       8.91E+09   0.01900000         V08.91p0.00   0.72140   0.00   0.00
BRGeneva_z020_salp_00.K       1.00E+06   0.01900000       ageGe_00_z020   1.00000   0.00   0.00
br04_z019_salp_ssp_gi_09.K    1.00E+07   0.01900000          age09_z019   0.92240   0.00   0.00
Mun1.30Zp0.00T00.7079.K       7.08E+08   0.01900000         V00.70p0.00   0.78970   0.00   0.00
Mun1.30Zp0.00T00.7943.K       7.94E+08   0.01900000         V00.79p0.00   0.78630   0.00   0.00
Mun1.30Zp0.00T00.6310.K       6.31E+08   0.01900000         V00.63p0.00   0.79290   0.00   0.00
Mun1.30Zp0.00T00.1000.K       1.00E+08   0.01900000         V00.10p0.00   0.84690   0.00   0.00
Mun1.30Zp0.00T00.3162.K       3.16E+08   0.01900000         V00.31p0.00   0.81220   0.00   0.00
br04_z019_salp_ssp_gi_19.K    3.16E+07   0.01900000          age19_z019   0.88240   0.00   0.00
Mun1.30Zp0.00T00.5012.K       5.01E+08   0.01900000         V00.50p0.00   0.79940   0.00   0.00
Mun1.30Zp0.00T12.5893.K       1.26E+10   0.01900000         V12.58p0.00   0.71550   0.00   0.00
br04_z019_salp_ssp_gi_24.K    5.62E+07   0.01900000          age24_z019   0.86310   0.00   0.00
Mun1.30Zp0.00T00.3981.K       3.98E+08   0.01900000         V00.39p0.00   0.80570   0.00   0.00
Mun1.30Zp0.22T00.7079.K       7.08E+08   0.03153210         V00.70p0.22   0.78970   0.00   0.00
Mun1.30Zp0.22T00.1995.K       2.00E+08   0.03153210         V00.19p0.22   0.82470   0.00   0.00
Mun1.30Zp0.22T08.9125.K       8.91E+09   0.03153210         V08.91p0.22   0.72180   0.00   0.00
BRGeneva_z040_salp_00.K       1.00E+06   0.03153210       ageGe_00_z040   1.00000   0.00   0.00
Mun1.30Zp0.22T00.3162.K       3.16E+08   0.03153210         V00.31p0.22   0.81160   0.00   0.00
Mun1.30Zp0.22T05.0119.K       5.01E+09   0.03153210         V05.01p0.22   0.73300   0.00   0.00
br04_z030_salp_ssp_gi_24.K    5.62E+07   0.03153210          age24_z030   0.86310   0.00   0.00
br04_z030_salp_ssp_gi_04.K    5.62E+06   0.03153210          age04_z030   0.94310   0.00   0.00
Mun1.30Zp0.22T00.3981.K       3.98E+08   0.03153210         V00.39p0.22   0.80550   0.00   0.00
br04_z030_salp_ssp_gi_15.K    2.00E+07   0.03153210          age15_z030   0.89820   0.00   0.00
Mun1.30Zp0.22T01.0000.K       1.00E+09   0.03153210         V01.00p0.22   0.77970   0.00   0.00
br04_z030_salp_ssp_gi_09.K    1.00E+07   0.03153210          age09_z030   0.92240   0.00   0.00
Mun1.30Zp0.22T00.5012.K       5.01E+08   0.03153210         V00.50p0.22   0.79930   0.00   0.00
Mun1.30Zp0.22T00.8913.K       8.91E+08   0.03153210         V00.89p0.22   0.78320   0.00   0.00
br04_z030_salp_ssp_gi_19.K    3.16E+07   0.03153210          age19_z030   0.88240   0.00   0.00
br04_z030_salp_ssp_gi_12.K    1.41E+07   0.03153210          age12_z030   0.91020   0.00   0.00
Mun1.30Zp0.22T00.7943.K       7.94E+08   0.03153210         V00.79p0.22   0.78650   0.00   0.00
Mun1.30Zp0.22T00.1000.K       1.00E+08   0.03153210         V00.10p0.22   0.84530   0.00   0.00
Mun1.30Zp0.22T00.6310.K       6.31E+08   0.03153210         V00.63p0.22   0.79290   0.00   0.00
Mun1.30Zp0.22T01.9953.K       2.00E+09   0.03153210         V01.99p0.22   0.75610   0.00   0.00
Mun1.30Zp0.22T12.5893.K       1.26E+10   0.03153210         V12.58p0.22   0.71590   0.00   0.00
