# Parameter used to comput the power low:
# y  =  ampl * ((x / ref) ** exponent)   
# ampl = 10.0 
# x =  
# ref = 5268 
# expoent = -0.5 
3540.0     12.1989163175273
 3541.0     12.1971936717067
 3542.0     12.1954717554602
 3543.0     12.1937505682728
 3544.0     12.1920301096303
 3545.0     12.1903103790188
 3546.0     12.188591375925
 3547.0     12.1868730998361
 3548.0     12.1851555502398
 3549.0     12.1834387266243
 3550.0     12.1817226284784
 3551.0     12.1800072552912
 3552.0     12.1782926065525
 3553.0     12.1765786817524
 3554.0     12.1748654803817
 3555.0     12.1731530019317
 3556.0     12.171441245894
 3557.0     12.1697302117609
 3558.0     12.168019899025
 3559.0     12.1663103071797
 3560.0     12.1646014357186
 3561.0     12.162893284136
 3562.0     12.1611858519265
 3563.0     12.1594791385855
 3564.0     12.1577731436085
 3565.0     12.1560678664918
 3566.0     12.1543633067321
 3567.0     12.1526594638266
 3568.0     12.150956337273
 3569.0     12.1492539265694
 3570.0     12.1475522312145
 3571.0     12.1458512507075
 3572.0     12.144150984548
 3573.0     12.1424514322362
 3574.0     12.1407525932727
 3575.0     12.1390544671586
 3576.0     12.1373570533956
 3577.0     12.1356603514856
 3578.0     12.1339643609314
 3579.0     12.132269081236
 3580.0     12.1305745119028
 3581.0     12.1288806524361
 3582.0     12.1271875023403
 3583.0     12.1254950611203
 3584.0     12.1238033282818
 3585.0     12.1221123033307
 3586.0     12.1204219857734
 3587.0     12.1187323751168
 3588.0     12.1170434708685
 3589.0     12.1153552725362
 3590.0     12.1136677796285
 3591.0     12.111980991654
 3592.0     12.1102949081223
 3593.0     12.108609528543
 3594.0     12.1069248524266
 3595.0     12.1052408792836
 3596.0     12.1035576086255
 3597.0     12.1018750399639
 3598.0     12.1001931728111
 3599.0     12.0985120066796
 3600.0     12.0968315410827
 3601.0     12.0951517755339
 3602.0     12.0934727095474
 3603.0     12.0917943426377
 3604.0     12.0901166743199
 3605.0     12.0884397041094
 3606.0     12.0867634315223
 3607.0     12.0850878560749
 3608.0     12.0834129772842
 3609.0     12.0817387946676
 3610.0     12.080065307743
 3611.0     12.0783925160286
 3612.0     12.0767204190432
 3613.0     12.0750490163061
 3614.0     12.073378307337
 3615.0     12.0717082916561
 3616.0     12.070038968784
 3617.0     12.0683703382419
 3618.0     12.0667023995513
 3619.0     12.0650351522342
 3620.0     12.0633685958132
 3621.0     12.0617027298113
 3622.0     12.0600375537517
 3623.0     12.0583730671585
 3624.0     12.0567092695559
 3625.0     12.0550461604688
 3626.0     12.0533837394225
 3627.0     12.0517220059425
 3628.0     12.0500609595552
 3629.0     12.0484005997871
 3630.0     12.0467409261654
 3631.0     12.0450819382176
 3632.0     12.0434236354716
 3633.0     12.041766017456
 3634.0     12.0401090836996
 3635.0     12.0384528337318
 3636.0     12.0367972670825
 3637.0     12.0351423832819
 3638.0     12.0334881818606
 3639.0     12.03183466235
 3640.0     12.0301818242816
 3641.0     12.0285296671874
 3642.0     12.0268781906001
 3643.0     12.0252273940525
 3644.0     12.0235772770782
 3645.0     12.0219278392109
 3646.0     12.020279079985
 3647.0     12.0186309989352
 3648.0     12.0169835955968
 3649.0     12.0153368695054
 3650.0     12.0136908201971
 3651.0     12.0120454472084
 3652.0     12.0104007500765
 3653.0     12.0087567283385
 3654.0     12.0071133815326
 3655.0     12.0054707091969
 3656.0     12.0038287108702
 3657.0     12.0021873860918
 3658.0     12.0005467344013
 3659.0     11.9989067553387
 3660.0     11.9972674484446
 3661.0     11.9956288132599
 3662.0     11.9939908493261
 3663.0     11.992353556185
 3664.0     11.9907169333789
 3665.0     11.9890809804504
 3666.0     11.9874456969428
 3667.0     11.9858110823996
 3668.0     11.9841771363648
 3669.0     11.9825438583829
 3670.0     11.9809112479988
 3671.0     11.9792793047579
 3672.0     11.9776480282058
 3673.0     11.9760174178888
 3674.0     11.9743874733534
 3675.0     11.9727581941468
 3676.0     11.9711295798165
 3677.0     11.9695016299103
 3678.0     11.9678743439766
 3679.0     11.9662477215642
 3680.0     11.9646217622223
 3681.0     11.9629964655005
 3682.0     11.9613718309489
 3683.0     11.959747858118
 3684.0     11.9581245465587
 3685.0     11.9565018958223
 3686.0     11.9548799054607
 3687.0     11.953258575026
 3688.0     11.9516379040708
 3689.0     11.9500178921482
 3690.0     11.9483985388117
 3691.0     11.9467798436151
 3692.0     11.9451618061127
 3693.0     11.9435444258594
 3694.0     11.9419277024103
 3695.0     11.9403116353209
 3696.0     11.9386962241472
 3697.0     11.9370814684458
 3698.0     11.9354673677733
 3699.0     11.9338539216872
 3700.0     11.932241129745
 3701.0     11.9306289915049
 3702.0     11.9290175065254
 3703.0     11.9274066743654
 3704.0     11.9257964945842
 3705.0     11.9241869667417
 3706.0     11.9225780903981
 3707.0     11.9209698651139
 3708.0     11.9193622904501
 3709.0     11.9177553659682
 3710.0     11.91614909123
 3711.0     11.9145434657977
 3712.0     11.9129384892341
 3713.0     11.9113341611022
 3714.0     11.9097304809656
 3715.0     11.908127448388
 3716.0     11.9065250629339
 3717.0     11.9049233241679
 3718.0     11.9033222316553
 3719.0     11.9017217849614
 3720.0     11.9001219836524
 3721.0     11.8985228272945
 3722.0     11.8969243154545
 3723.0     11.8953264476996
 3724.0     11.8937292235973
 3725.0     11.8921326427158
 3726.0     11.8905367046233
 3727.0     11.8889414088886
 3728.0     11.8873467550811
 3729.0     11.8857527427702
 3730.0     11.884159371526
 3731.0     11.8825666409189
 3732.0     11.8809745505197
 3733.0     11.8793830998997
 3734.0     11.8777922886304
 3735.0     11.8762021162839
 3736.0     11.8746125824327
 3737.0     11.8730236866495
 3738.0     11.8714354285076
 3739.0     11.8698478075806
 3740.0     11.8682608234426
 3741.0     11.8666744756679
 3742.0     11.8650887638314
 3743.0     11.8635036875082
 3744.0     11.8619192462741
 3745.0     11.860335439705
 3746.0     11.8587522673774
 3747.0     11.857169728868
 3748.0     11.855587823754
 3749.0     11.8540065516131
 3750.0     11.8524259120232
 3751.0     11.8508459045628
 3752.0     11.8492665288105
 3753.0     11.8476877843456
 3754.0     11.8461096707476
 3755.0     11.8445321875965
 3756.0     11.8429553344726
 3757.0     11.8413791109567
 3758.0     11.8398035166298
 3759.0     11.8382285510736
 3760.0     11.8366542138699
 3761.0     11.835080504601
 3762.0     11.8335074228495
 3763.0     11.8319349681987
 3764.0     11.8303631402318
 3765.0     11.8287919385328
 3766.0     11.827221362686
 3767.0     11.8256514122758
 3768.0     11.8240820868874
 3769.0     11.8225133861061
 3770.0     11.8209453095178
 3771.0     11.8193778567084
 3772.0     11.8178110272647
 3773.0     11.8162448207736
 3774.0     11.8146792368222
 3775.0     11.8131142749985
 3776.0     11.8115499348903
 3777.0     11.8099862160862
 3778.0     11.808423118175
 3779.0     11.806860640746
 3780.0     11.8052987833887
 3781.0     11.8037375456932
 3782.0     11.8021769272497
 3783.0     11.800616927649
 3784.0     11.7990575464823
 3785.0     11.797498783341
 3786.0     11.795940637817
 3787.0     11.7943831095026
 3788.0     11.7928261979904
 3789.0     11.7912699028734
 3790.0     11.7897142237449
 3791.0     11.7881591601988
 3792.0     11.7866047118291
 3793.0     11.7850508782304
 3794.0     11.7834976589975
 3795.0     11.7819450537257
 3796.0     11.7803930620107
 3797.0     11.7788416834483
 3798.0     11.7772909176351
 3799.0     11.7757407641677
 3800.0     11.7741912226432
 3801.0     11.7726422926592
 3802.0     11.7710939738134
 3803.0     11.7695462657042
 3804.0     11.7679991679301
 3805.0     11.7664526800901
 3806.0     11.7649068017835
 3807.0     11.7633615326099
 3808.0     11.7618168721696
 3809.0     11.7602728200629
 3810.0     11.7587293758906
 3811.0     11.7571865392539
 3812.0     11.7556443097544
 3813.0     11.7541026869939
 3814.0     11.7525616705747
 3815.0     11.7510212600994
 3816.0     11.7494814551711
 3817.0     11.747942255393
 3818.0     11.746403660369
 3819.0     11.7448656697031
 3820.0     11.7433282829998
 3821.0     11.7417914998639
 3822.0     11.7402553199005
 3823.0     11.7387197427152
 3824.0     11.7371847679139
 3825.0     11.7356503951029
 3826.0     11.7341166238887
 3827.0     11.7325834538784
 3828.0     11.7310508846793
 3829.0     11.729518915899
 3830.0     11.7279875471457
 3831.0     11.7264567780278
 3832.0     11.724926608154
 3833.0     11.7233970371334
 3834.0     11.7218680645756
 3835.0     11.7203396900904
 3836.0     11.718811913288
 3837.0     11.7172847337789
 3838.0     11.715758151174
 3839.0     11.7142321650847
 3840.0     11.7127067751225
 3841.0     11.7111819808994
 3842.0     11.7096577820277
 3843.0     11.7081341781201
 3844.0     11.7066111687897
 3845.0     11.7050887536498
 3846.0     11.7035669323142
 3847.0     11.7020457043969
 3848.0     11.7005250695123
 3849.0     11.6990050272754
 3850.0     11.6974855773012
 3851.0     11.6959667192051
 3852.0     11.6944484526031
 3853.0     11.6929307771114
 3854.0     11.6914136923464
 3855.0     11.689897197925
 3856.0     11.6883812934645
 3857.0     11.6868659785825
 3858.0     11.6853512528968
 3859.0     11.6838371160258
 3860.0     11.6823235675881
 3861.0     11.6808106072026
 3862.0     11.6792982344886
 3863.0     11.6777864490659
 3864.0     11.6762752505544
 3865.0     11.6747646385744
 3866.0     11.6732546127466
 3867.0     11.6717451726921
 3868.0     11.6702363180322
 3869.0     11.6687280483887
 3870.0     11.6672203633836
 3871.0     11.6657132626393
 3872.0     11.6642067457785
 3873.0     11.6627008124244
 3874.0     11.6611954622003
 3875.0     11.65969069473
 3876.0     11.6581865096377
 3877.0     11.6566829065477
 3878.0     11.6551798850849
 3879.0     11.6536774448743
 3880.0     11.6521755855415
 3881.0     11.6506743067121
 3882.0     11.6491736080124
 3883.0     11.6476734890689
 3884.0     11.6461739495082
 3885.0     11.6446749889576
 3886.0     11.6431766070446
 3887.0     11.6416788033969
 3888.0     11.6401815776428
 3889.0     11.6386849294106
 3890.0     11.6371888583292
 3891.0     11.6356933640278
 3892.0     11.6341984461359
 3893.0     11.6327041042832
 3894.0     11.6312103380999
 3895.0     11.6297171472165
 3896.0     11.6282245312639
 3897.0     11.6267324898731
 3898.0     11.6252410226756
 3899.0     11.6237501293033
 3900.0     11.6222598093883
 3901.0     11.6207700625631
 3902.0     11.6192808884604
 3903.0     11.6177922867134
 3904.0     11.6163042569556
 3905.0     11.6148167988207
 3906.0     11.6133299119428
 3907.0     11.6118435959564
 3908.0     11.6103578504963
 3909.0     11.6088726751976
 3910.0     11.6073880696956
 3911.0     11.6059040336261
 3912.0     11.6044205666253
 3913.0     11.6029376683295
 3914.0     11.6014553383754
 3915.0     11.5999735764001
 3916.0     11.5984923820409
 3917.0     11.5970117549356
 3918.0     11.5955316947222
 3919.0     11.5940522010391
 3920.0     11.5925732735248
 3921.0     11.5910949118184
 3922.0     11.5896171155592
 3923.0     11.5881398843868
 3924.0     11.5866632179413
 3925.0     11.5851871158628
 3926.0     11.583711577792
 3927.0     11.5822366033698
 3928.0     11.5807621922375
 3929.0     11.5792883440365
 3930.0     11.5778150584088
 3931.0     11.5763423349966
 3932.0     11.5748701734423
 3933.0     11.5733985733889
 3934.0     11.5719275344794
 3935.0     11.5704570563574
 3936.0     11.5689871386666
 3937.0     11.5675177810512
 3938.0     11.5660489831555
 3939.0     11.5645807446242
 3940.0     11.5631130651025
 3941.0     11.5616459442357
 3942.0     11.5601793816695
 3943.0     11.5587133770499
 3944.0     11.5572479300231
 3945.0     11.5557830402359
 3946.0     11.5543187073351
 3947.0     11.552854930968
 3948.0     11.5513917107822
 3949.0     11.5499290464255
 3950.0     11.5484669375461
 3951.0     11.5470053837925
 3952.0     11.5455443848136
 3953.0     11.5440839402584
 3954.0     11.5426240497764
 3955.0     11.5411647130173
 3956.0     11.5397059296312
 3957.0     11.5382476992685
 3958.0     11.5367900215797
 3959.0     11.535332896216
 3960.0     11.5338763228285
 3961.0     11.5324203010688
 3962.0     11.530964830589
 3963.0     11.5295099110412
 3964.0     11.5280555420778
 3965.0     11.5266017233518
 3966.0     11.5251484545163
 3967.0     11.5236957352246
 3968.0     11.5222435651306
 3969.0     11.5207919438883
 3970.0     11.519340871152
 3971.0     11.5178903465765
 3972.0     11.5164403698166
 3973.0     11.5149909405276
 3974.0     11.5135420583652
 3975.0     11.5120937229851
 3976.0     11.5106459340436
 3977.0     11.5091986911971
 3978.0     11.5077519941024
 3979.0     11.5063058424166
 3980.0     11.5048602357971
 3981.0     11.5034151739016
 3982.0     11.5019706563881
 3983.0     11.5005266829147
 3984.0     11.4990832531403
 3985.0     11.4976403667235
 3986.0     11.4961980233236
 3987.0     11.4947562226002
 3988.0     11.4933149642129
 3989.0     11.4918742478219
 3990.0     11.4904340730875
 3991.0     11.4889944396704
 3992.0     11.4875553472317
 3993.0     11.4861167954325
 3994.0     11.4846787839345
 3995.0     11.4832413123995
 3996.0     11.4818043804897
 3997.0     11.4803679878675
 3998.0     11.4789321341957
 3999.0     11.4774968191374
 4000.0     11.4760620423558
 4001.0     11.4746278035147
 4002.0     11.473194102278
 4003.0     11.4717609383098
 4004.0     11.4703283112748
 4005.0     11.4688962208377
 4006.0     11.4674646666636
 4007.0     11.466033648418
 4008.0     11.4646031657665
 4009.0     11.4631732183751
 4010.0     11.4617438059101
 4011.0     11.4603149280381
 4012.0     11.4588865844259
 4013.0     11.4574587747407
 4014.0     11.4560314986498
 4015.0     11.4546047558211
 4016.0     11.4531785459226
 4017.0     11.4517528686225
 4018.0     11.4503277235894
 4019.0     11.4489031104923
 4020.0     11.4474790290004
 4021.0     11.446055478783
 4022.0     11.4446324595099
 4023.0     11.4432099708512
 4024.0     11.4417880124771
 4025.0     11.4403665840584
 4026.0     11.4389456852658
 4027.0     11.4375253157707
 4028.0     11.4361054752443
 4029.0     11.4346861633586
 4030.0     11.4332673797855
 4031.0     11.4318491241974
 4032.0     11.4304313962668
 4033.0     11.4290141956667
 4034.0     11.4275975220702
 4035.0     11.4261813751508
 4036.0     11.4247657545823
 4037.0     11.4233506600386
 4038.0     11.4219360911941
 4039.0     11.4205220477234
 4040.0     11.4191085293012
 4041.0     11.4176955356029
 4042.0     11.4162830663038
 4043.0     11.4148711210797
 4044.0     11.4134596996064
 4045.0     11.4120488015604
 4046.0     11.4106384266182
 4047.0     11.4092285744565
 4048.0     11.4078192447526
 4049.0     11.4064104371838
 4050.0     11.4050021514279
 4051.0     11.4035943871626
 4052.0     11.4021871440663
 4053.0     11.4007804218176
 4054.0     11.3993742200951
 4055.0     11.3979685385779
 4056.0     11.3965633769454
 4057.0     11.3951587348772
 4058.0     11.3937546120532
 4059.0     11.3923510081536
 4060.0     11.3909479228588
 4061.0     11.3895453558495
 4062.0     11.3881433068067
 4063.0     11.3867417754117
 4064.0     11.3853407613461
 4065.0     11.3839402642916
 4066.0     11.3825402839304
 4067.0     11.3811408199448
 4068.0     11.3797418720174
 4069.0     11.3783434398312
 4070.0     11.3769455230694
 4071.0     11.3755481214154
 4072.0     11.374151234553
 4073.0     11.3727548621661
 4074.0     11.371359003939
 4075.0     11.3699636595563
 4076.0     11.3685688287028
 4077.0     11.3671745110636
 4078.0     11.365780706324
 4079.0     11.3643874141697
 4080.0     11.3629946342865
 4081.0     11.3616023663606
 4082.0     11.3602106100785
 4083.0     11.3588193651269
 4084.0     11.3574286311927
 4085.0     11.3560384079631
 4086.0     11.3546486951258
 4087.0     11.3532594923684
 4088.0     11.351870799379
 4089.0     11.3504826158459
 4090.0     11.3490949414577
 4091.0     11.3477077759032
 4092.0     11.3463211188716
 4093.0     11.3449349700522
 4094.0     11.3435493291346
 4095.0     11.3421641958089
 4096.0     11.340779569765
 4097.0     11.3393954506936
 4098.0     11.3380118382852
 4099.0     11.3366287322309
 4100.0     11.3352461322218
 4101.0     11.3338640379495
 4102.0     11.3324824491057
 4103.0     11.3311013653824
 4104.0     11.329720786472
 4105.0     11.3283407120669
 4106.0     11.32696114186
 4107.0     11.3255820755443
 4108.0     11.3242035128132
 4109.0     11.3228254533602
 4110.0     11.3214478968793
 4111.0     11.3200708430644
 4112.0     11.3186942916101
 4113.0     11.3173182422108
 4114.0     11.3159426945616
 4115.0     11.3145676483575
 4116.0     11.313193103294
 4117.0     11.3118190590668
 4118.0     11.3104455153717
 4119.0     11.309072471905
 4120.0     11.3076999283631
 4121.0     11.3063278844427
 4122.0     11.3049563398408
 4123.0     11.3035852942545
 4124.0     11.3022147473814
 4125.0     11.3008446989192
 4126.0     11.2994751485659
 4127.0     11.2981060960197
 4128.0     11.2967375409791
 4129.0     11.2953694831429
 4130.0     11.2940019222101
 4131.0     11.29263485788
 4132.0     11.291268289852
 4133.0     11.289902217826
 4134.0     11.2885366415019
 4135.0     11.2871715605801
 4136.0     11.2858069747611
 4137.0     11.2844428837457
 4138.0     11.2830792872349
 4139.0     11.2817161849301
 4140.0     11.2803535765327
 4141.0     11.2789914617446
 4142.0     11.2776298402678
 4143.0     11.2762687118047
 4144.0     11.2749080760577
 4145.0     11.2735479327298
 4146.0     11.2721882815239
 4147.0     11.2708291221433
 4148.0     11.2694704542917
 4149.0     11.2681122776728
 4150.0     11.2667545919907
 4151.0     11.2653973969497
 4152.0     11.2640406922544
 4153.0     11.2626844776095
 4154.0     11.2613287527202
 4155.0     11.2599735172916
 4156.0     11.2586187710294
 4157.0     11.2572645136394
 4158.0     11.2559107448277
 4159.0     11.2545574643004
 4160.0     11.2532046717642
 4161.0     11.2518523669258
 4162.0     11.2505005494924
 4163.0     11.249149219171
 4164.0     11.2477983756694
 4165.0     11.2464480186953
 4166.0     11.2450981479566
 4167.0     11.2437487631617
 4168.0     11.242399864019
 4169.0     11.2410514502374
 4170.0     11.2397035215258
 4171.0     11.2383560775934
 4172.0     11.2370091181498
 4173.0     11.2356626429046
 4174.0     11.2343166515679
 4175.0     11.2329711438498
 4176.0     11.2316261194609
 4177.0     11.2302815781118
 4178.0     11.2289375195135
 4179.0     11.2275939433771
 4180.0     11.2262508494141
 4181.0     11.2249082373362
 4182.0     11.2235661068552
 4183.0     11.2222244576834
 4184.0     11.2208832895331
 4185.0     11.2195426021169
 4186.0     11.2182023951478
 4187.0     11.2168626683388
 4188.0     11.2155234214033
 4189.0     11.2141846540549
 4190.0     11.2128463660074
 4191.0     11.2115085569749
 4192.0     11.2101712266717
 4193.0     11.2088343748123
 4194.0     11.2074980011116
 4195.0     11.2061621052846
 4196.0     11.2048266870465
 4197.0     11.2034917461128
 4198.0     11.2021572821993
 4199.0     11.2008232950219
 4200.0     11.1994897842969
 4201.0     11.1981567497407
 4202.0     11.19682419107
 4203.0     11.1954921080017
 4204.0     11.194160500253
 4205.0     11.1928293675412
 4206.0     11.1914987095839
 4207.0     11.1901685260992
 4208.0     11.1888388168049
 4209.0     11.1875095814196
 4210.0     11.1861808196617
 4211.0     11.18485253125
 4212.0     11.1835247159035
 4213.0     11.1821973733416
 4214.0     11.1808705032838
 4215.0     11.1795441054496
 4216.0     11.1782181795593
 4217.0     11.1768927253328
 4218.0     11.1755677424907
 4219.0     11.1742432307536
 4220.0     11.1729191898424
 4221.0     11.1715956194783
 4222.0     11.1702725193825
 4223.0     11.1689498892767
 4224.0     11.1676277288827
 4225.0     11.1663060379225
 4226.0     11.1649848161184
 4227.0     11.163664063193
 4228.0     11.1623437788689
 4229.0     11.1610239628692
 4230.0     11.1597046149169
 4231.0     11.1583857347357
 4232.0     11.157067322049
 4233.0     11.1557493765808
 4234.0     11.1544318980552
 4235.0     11.1531148861965
 4236.0     11.1517983407294
 4237.0     11.1504822613785
 4238.0     11.149166647869
 4239.0     11.147851499926
 4240.0     11.146536817275
 4241.0     11.1452225996418
 4242.0     11.1439088467523
 4243.0     11.1425955583326
 4244.0     11.1412827341091
 4245.0     11.1399703738084
 4246.0     11.1386584771573
 4247.0     11.137347043883
 4248.0     11.1360360737126
 4249.0     11.1347255663737
 4250.0     11.133415521594
 4251.0     11.1321059391015
 4252.0     11.1307968186243
 4253.0     11.1294881598909
 4254.0     11.1281799626299
 4255.0     11.1268722265701
 4256.0     11.1255649514405
 4257.0     11.1242581369706
 4258.0     11.1229517828898
 4259.0     11.1216458889278
 4260.0     11.1203404548146
 4261.0     11.1190354802804
 4262.0     11.1177309650556
 4263.0     11.1164269088708
 4264.0     11.1151233114569
 4265.0     11.113820172545
 4266.0     11.1125174918662
 4267.0     11.1112152691522
 4268.0     11.1099135041346
 4269.0     11.1086121965455
 4270.0     11.107311346117
 4271.0     11.1060109525814
 4272.0     11.1047110156714
 4273.0     11.1034115351198
 4274.0     11.1021125106596
 4275.0     11.1008139420242
 4276.0     11.099515828947
 4277.0     11.0982181711616
 4278.0     11.0969209684021
 4279.0     11.0956242204025
 4280.0     11.0943279268973
 4281.0     11.0930320876209
 4282.0     11.0917367023082
 4283.0     11.0904417706941
 4284.0     11.089147292514
 4285.0     11.0878532675031
 4286.0     11.0865596953973
 4287.0     11.0852665759323
 4288.0     11.0839739088443
 4289.0     11.0826816938694
 4290.0     11.0813899307444
 4291.0     11.0800986192058
 4292.0     11.0788077589906
 4293.0     11.0775173498361
 4294.0     11.0762273914794
 4295.0     11.0749378836584
 4296.0     11.0736488261107
 4297.0     11.0723602185743
 4298.0     11.0710720607876
 4299.0     11.0697843524889
 4300.0     11.0684970934168
 4301.0     11.0672102833104
 4302.0     11.0659239219085
 4303.0     11.0646380089506
 4304.0     11.0633525441761
 4305.0     11.0620675273248
 4306.0     11.0607829581366
 4307.0     11.0594988363515
 4308.0     11.0582151617101
 4309.0     11.0569319339527
 4310.0     11.0556491528203
 4311.0     11.0543668180537
 4312.0     11.0530849293942
 4313.0     11.0518034865832
 4314.0     11.0505224893622
 4315.0     11.0492419374732
 4316.0     11.0479618306581
 4317.0     11.0466821686591
 4318.0     11.0454029512188
 4319.0     11.0441241780798
 4320.0     11.042845848985
 4321.0     11.0415679636773
 4322.0     11.0402905219002
 4323.0     11.0390135233971
 4324.0     11.0377369679116
 4325.0     11.0364608551878
 4326.0     11.0351851849697
 4327.0     11.0339099570016
 4328.0     11.0326351710281
 4329.0     11.0313608267938
 4330.0     11.0300869240438
 4331.0     11.0288134625232
 4332.0     11.0275404419773
 4333.0     11.0262678621518
 4334.0     11.0249957227922
 4335.0     11.0237240236447
 4336.0     11.0224527644554
 4337.0     11.0211819449706
 4338.0     11.019911564937
 4339.0     11.0186416241013
 4340.0     11.0173721222106
 4341.0     11.016103059012
 4342.0     11.0148344342529
 4343.0     11.0135662476809
 4344.0     11.0122984990439
 4345.0     11.0110311880898
 4346.0     11.0097643145669
 4347.0     11.0084978782235
 4348.0     11.0072318788083
 4349.0     11.0059663160702
 4350.0     11.004701189758
 4351.0     11.0034364996212
 4352.0     11.002172245409
 4353.0     11.000908426871
 4354.0     10.9996450437573
 4355.0     10.9983820958177
 4356.0     10.9971195828025
 4357.0     10.9958575044621
 4358.0     10.9945958605471
 4359.0     10.9933346508085
 4360.0     10.9920738749971
 4361.0     10.9908135328643
 4362.0     10.9895536241615
 4363.0     10.9882941486403
 4364.0     10.9870351060526
 4365.0     10.9857764961503
 4366.0     10.9845183186857
 4367.0     10.9832605734112
 4368.0     10.9820032600794
 4369.0     10.9807463784433
 4370.0     10.9794899282557
 4371.0     10.9782339092699
 4372.0     10.9769783212394
 4373.0     10.9757231639176
 4374.0     10.9744684370586
 4375.0     10.9732141404161
 4376.0     10.9719602737446
 4377.0     10.9707068367983
 4378.0     10.9694538293318
 4379.0     10.9682012511
 4380.0     10.9669491018578
 4381.0     10.9656973813605
 4382.0     10.9644460893633
 4383.0     10.9631952256219
 4384.0     10.9619447898921
 4385.0     10.9606947819298
 4386.0     10.9594452014911
 4387.0     10.9581960483325
 4388.0     10.9569473222105
 4389.0     10.9556990228818
 4390.0     10.9544511501033
 4391.0     10.9532037036323
 4392.0     10.9519566832259
 4393.0     10.9507100886418
 4394.0     10.9494639196376
 4395.0     10.9482181759713
 4396.0     10.946972857401
 4397.0     10.9457279636848
 4398.0     10.9444834945814
 4399.0     10.9432394498494
 4400.0     10.9419958292476
 4401.0     10.9407526325352
 4402.0     10.9395098594713
 4403.0     10.9382675098155
 4404.0     10.9370255833272
 4405.0     10.9357840797665
 4406.0     10.9345429988932
 4407.0     10.9333023404676
 4408.0     10.93206210425
 4409.0     10.9308222900012
 4410.0     10.9295828974817
 4411.0     10.9283439264527
 4412.0     10.9271053766752
 4413.0     10.9258672479107
 4414.0     10.9246295399205
 4415.0     10.9233922524665
 4416.0     10.9221553853106
 4417.0     10.9209189382149
 4418.0     10.9196829109416
 4419.0     10.9184473032532
 4420.0     10.9172121149124
 4421.0     10.9159773456821
 4422.0     10.9147429953253
 4423.0     10.9135090636052
 4424.0     10.9122755502852
 4425.0     10.911042455129
 4426.0     10.9098097779003
 4427.0     10.9085775183631
 4428.0     10.9073456762815
 4429.0     10.90611425142
 4430.0     10.904883243543
 4431.0     10.9036526524153
 4432.0     10.9024224778017
 4433.0     10.9011927194675
 4434.0     10.8999633771777
 4435.0     10.898734450698
 4436.0     10.897505939794
 4437.0     10.8962778442314
 4438.0     10.8950501637764
 4439.0     10.893822898195
 4440.0     10.8925960472538
 4441.0     10.8913696107192
 4442.0     10.8901435883581
 4443.0     10.8889179799373
 4444.0     10.887692785224
 4445.0     10.8864680039855
 4446.0     10.8852436359893
 4447.0     10.884019681003
 4448.0     10.8827961387945
 4449.0     10.8815730091319
 4450.0     10.8803502917834
 4451.0     10.8791279865173
 4452.0     10.8779060931022
 4453.0     10.876684611307
 4454.0     10.8754635409005
 4455.0     10.874242881652
 4456.0     10.8730226333306
 4457.0     10.8718027957059
 4458.0     10.8705833685476
 4459.0     10.8693643516255
 4460.0     10.8681457447097
 4461.0     10.8669275475703
 4462.0     10.8657097599778
 4463.0     10.8644923817027
 4464.0     10.8632754125159
 4465.0     10.8620588521881
 4466.0     10.8608427004906
 4467.0     10.8596269571947
 4468.0     10.8584116220717
 4469.0     10.8571966948934
 4470.0     10.8559821754316
 4471.0     10.8547680634583
 4472.0     10.8535543587457
 4473.0     10.8523410610661
 4474.0     10.8511281701921
 4475.0     10.8499156858964
 4476.0     10.848703607952
 4477.0     10.8474919361318
 4478.0     10.8462806702092
 4479.0     10.8450698099576
 4480.0     10.8438593551505
 4481.0     10.8426493055619
 4482.0     10.8414396609655
 4483.0     10.8402304211356
 4484.0     10.8390215858466
 4485.0     10.8378131548728
 4486.0     10.8366051279889
 4487.0     10.8353975049698
 4488.0     10.8341902855906
 4489.0     10.8329834696263
 4490.0     10.8317770568524
 4491.0     10.8305710470444
 4492.0     10.8293654399781
 4493.0     10.8281602354292
 4494.0     10.826955433174
 4495.0     10.8257510329886
 4496.0     10.8245470346494
 4497.0     10.8233434379331
 4498.0     10.8221402426164
 4499.0     10.8209374484763
 4500.0     10.8197350552898
 4501.0     10.8185330628342
 4502.0     10.8173314708871
 4503.0     10.816130279226
 4504.0     10.8149294876287
 4505.0     10.8137290958732
 4506.0     10.8125291037377
 4507.0     10.8113295110005
 4508.0     10.81013031744
 4509.0     10.808931522835
 4510.0     10.8077331269643
 4511.0     10.8065351296068
 4512.0     10.8053375305418
 4513.0     10.8041403295487
 4514.0     10.8029435264069
 4515.0     10.8017471208961
 4516.0     10.8005511127962
 4517.0     10.7993555018873
 4518.0     10.7981602879495
 4519.0     10.7969654707632
 4520.0     10.795771050109
 4521.0     10.7945770257676
 4522.0     10.7933833975198
 4523.0     10.7921901651467
 4524.0     10.7909973284296
 4525.0     10.7898048871498
 4526.0     10.788612841089
 4527.0     10.7874211900287
 4528.0     10.786229933751
 4529.0     10.7850390720379
 4530.0     10.7838486046716
 4531.0     10.7826585314345
 4532.0     10.7814688521093
 4533.0     10.7802795664786
 4534.0     10.7790906743254
 4535.0     10.7779021754327
 4536.0     10.7767140695838
 4537.0     10.7755263565621
 4538.0     10.7743390361512
 4539.0     10.7731521081348
 4540.0     10.7719655722969
 4541.0     10.7707794284214
 4542.0     10.7695936762927
 4543.0     10.7684083156952
 4544.0     10.7672233464134
 4545.0     10.7660387682321
 4546.0     10.7648545809362
 4547.0     10.7636707843107
 4548.0     10.762487378141
 4549.0     10.7613043622124
 4550.0     10.7601217363104
 4551.0     10.7589395002209
 4552.0     10.7577576537297
 4553.0     10.7565761966229
 4554.0     10.7553951286867
 4555.0     10.7542144497074
 4556.0     10.7530341594718
 4557.0     10.7518542577664
 4558.0     10.7506747443782
 4559.0     10.7494956190943
 4560.0     10.7483168817017
 4561.0     10.7471385319879
 4562.0     10.7459605697405
 4563.0     10.7447829947472
 4564.0     10.7436058067957
 4565.0     10.7424290056742
 4566.0     10.7412525911708
 4567.0     10.7400765630738
 4568.0     10.7389009211719
 4569.0     10.7377256652536
 4570.0     10.7365507951078
 4571.0     10.7353763105235
 4572.0     10.7342022112899
 4573.0     10.7330284971963
 4574.0     10.7318551680321
 4575.0     10.730682223587
 4576.0     10.7295096636509
 4577.0     10.7283374880136
 4578.0     10.7271656964654
 4579.0     10.7259942887964
 4580.0     10.7248232647972
 4581.0     10.7236526242583
 4582.0     10.7224823669706
 4583.0     10.7213124927249
 4584.0     10.7201430013124
 4585.0     10.7189738925242
 4586.0     10.7178051661518
 4587.0     10.7166368219868
 4588.0     10.7154688598208
 4589.0     10.7143012794458
 4590.0     10.7131340806538
 4591.0     10.711967263237
 4592.0     10.7108008269877
 4593.0     10.7096347716985
 4594.0     10.7084690971621
 4595.0     10.7073038031713
 4596.0     10.706138889519
 4597.0     10.7049743559984
 4598.0     10.7038102024029
 4599.0     10.7026464285259
 4600.0     10.701483034161
 4601.0     10.7003200191019
 4602.0     10.6991573831427
 4603.0     10.6979951260774
 4604.0     10.6968332477002
 4605.0     10.6956717478056
 4606.0     10.6945106261882
 4607.0     10.6933498826425
 4608.0     10.6921895169636
 4609.0     10.6910295289464
 4610.0     10.6898699183862
 4611.0     10.6887106850782
 4612.0     10.6875518288179
 4613.0     10.686393349401
 4614.0     10.6852352466234
 4615.0     10.6840775202809
 4616.0     10.6829201701697
 4617.0     10.681763196086
 4618.0     10.6806065978263
 4619.0     10.6794503751872
 4620.0     10.6782945279653
 4621.0     10.6771390559576
 4622.0     10.6759839589611
 4623.0     10.674829236773
 4624.0     10.6736748891906
 4625.0     10.6725209160115
 4626.0     10.6713673170332
 4627.0     10.6702140920537
 4628.0     10.6690612408708
 4629.0     10.6679087632827
 4630.0     10.6667566590876
 4631.0     10.665604928084
 4632.0     10.6644535700704
 4633.0     10.6633025848455
 4634.0     10.6621519722082
 4635.0     10.6610017319576
 4636.0     10.6598518638928
 4637.0     10.6587023678131
 4638.0     10.657553243518
 4639.0     10.6564044908072
 4640.0     10.6552561094805
 4641.0     10.6541080993377
 4642.0     10.6529604601789
 4643.0     10.6518131918044
 4644.0     10.6506662940147
 4645.0     10.6495197666101
 4646.0     10.6483736093914
 4647.0     10.6472278221594
 4648.0     10.6460824047152
 4649.0     10.6449373568598
 4650.0     10.6437926783945
 4651.0     10.6426483691209
 4652.0     10.6415044288403
 4653.0     10.6403608573547
 4654.0     10.6392176544658
 4655.0     10.6380748199758
 4656.0     10.6369323536867
 4657.0     10.635790255401
 4658.0     10.634648524921
 4659.0     10.6335071620495
 4660.0     10.6323661665891
 4661.0     10.6312255383429
 4662.0     10.6300852771139
 4663.0     10.6289453827052
 4664.0     10.6278058549204
 4665.0     10.6266666935628
 4666.0     10.6255278984362
 4667.0     10.6243894693443
 4668.0     10.6232514060912
 4669.0     10.6221137084808
 4670.0     10.6209763763176
 4671.0     10.6198394094057
 4672.0     10.6187028075499
 4673.0     10.6175665705548
 4674.0     10.6164306982252
 4675.0     10.6152951903661
 4676.0     10.6141600467826
 4677.0     10.6130252672801
 4678.0     10.6118908516639
 4679.0     10.6107567997395
 4680.0     10.6096231113128
 4681.0     10.6084897861895
 4682.0     10.6073568241757
 4683.0     10.6062242250775
 4684.0     10.6050919887011
 4685.0     10.6039601148531
 4686.0     10.60282860334
 4687.0     10.6016974539686
 4688.0     10.6005666665456
 4689.0     10.5994362408781
 4690.0     10.5983061767733
 4691.0     10.5971764740385
 4692.0     10.596047132481
 4693.0     10.5949181519086
 4694.0     10.5937895321289
 4695.0     10.5926612729498
 4696.0     10.5915333741793
 4697.0     10.5904058356256
 4698.0     10.589278657097
 4699.0     10.5881518384019
 4700.0     10.5870253793489
 4701.0     10.5858992797468
 4702.0     10.5847735394044
 4703.0     10.5836481581308
 4704.0     10.582523135735
 4705.0     10.5813984720265
 4706.0     10.5802741668146
 4707.0     10.5791502199089
 4708.0     10.5780266311192
 4709.0     10.5769034002552
 4710.0     10.5757805271271
 4711.0     10.574658011545
 4712.0     10.5735358533192
 4713.0     10.57241405226
 4714.0     10.5712926081781
 4715.0     10.5701715208842
 4716.0     10.5690507901892
 4717.0     10.5679304159039
 4718.0     10.5668103978396
 4719.0     10.5656907358076
 4720.0     10.5645714296192
 4721.0     10.563452479086
 4722.0     10.5623338840196
 4723.0     10.5612156442321
 4724.0     10.5600977595352
 4725.0     10.5589802297411
 4726.0     10.5578630546621
 4727.0     10.5567462341105
 4728.0     10.5556297678989
 4729.0     10.55451365584
 4730.0     10.5533978977465
 4731.0     10.5522824934314
 4732.0     10.5511674427078
 4733.0     10.5500527453889
 4734.0     10.5489384012881
 4735.0     10.5478244102188
 4736.0     10.5467107719947
 4737.0     10.5455974864295
 4738.0     10.5444845533372
 4739.0     10.5433719725319
 4740.0     10.5422597438277
 4741.0     10.5411478670388
 4742.0     10.5400363419799
 4743.0     10.5389251684655
 4744.0     10.5378143463102
 4745.0     10.5367038753291
 4746.0     10.535593755337
 4747.0     10.5344839861492
 4748.0     10.5333745675809
 4749.0     10.5322654994475
 4750.0     10.5311567815646
 4751.0     10.5300484137479
 4752.0     10.5289403958131
 4753.0     10.5278327275763
 4754.0     10.5267254088536
 4755.0     10.5256184394611
 4756.0     10.5245118192152
 4757.0     10.5234055479325
 4758.0     10.5222996254295
 4759.0     10.5211940515231
 4760.0     10.5200888260301
 4761.0     10.5189839487676
 4762.0     10.5178794195527
 4763.0     10.5167752382028
 4764.0     10.5156714045353
 4765.0     10.5145679183678
 4766.0     10.5134647795179
 4767.0     10.5123619878036
 4768.0     10.5112595430428
 4769.0     10.5101574450536
 4770.0     10.5090556936543
 4771.0     10.5079542886632
 4772.0     10.5068532298988
 4773.0     10.5057525171799
 4774.0     10.5046521503251
 4775.0     10.5035521291534
 4776.0     10.5024524534838
 4777.0     10.5013531231356
 4778.0     10.5002541379279
 4779.0     10.4991554976803
 4780.0     10.4980572022122
 4781.0     10.4969592513436
 4782.0     10.495861644894
 4783.0     10.4947643826836
 4784.0     10.4936674645325
 4785.0     10.4925708902608
 4786.0     10.4914746596889
 4787.0     10.4903787726373
 4788.0     10.4892832289266
 4789.0     10.4881880283777
 4790.0     10.4870931708113
 4791.0     10.4859986560486
 4792.0     10.4849044839106
 4793.0     10.4838106542186
 4794.0     10.4827171667941
 4795.0     10.4816240214585
 4796.0     10.4805312180336
 4797.0     10.4794387563411
 4798.0     10.4783466362031
 4799.0     10.4772548574415
 4800.0     10.4761634198785
 4801.0     10.4750723233365
 4802.0     10.4739815676378
 4803.0     10.4728911526052
 4804.0     10.4718010780612
 4805.0     10.4707113438288
 4806.0     10.4696219497309
 4807.0     10.4685328955906
 4808.0     10.4674441812311
 4809.0     10.4663558064757
 4810.0     10.465267771148
 4811.0     10.4641800750716
 4812.0     10.4630927180702
 4813.0     10.4620056999676
 4814.0     10.4609190205879
 4815.0     10.4598326797551
 4816.0     10.4587466772936
 4817.0     10.4576610130277
 4818.0     10.456575686782
 4819.0     10.4554906983809
 4820.0     10.4544060476494
 4821.0     10.4533217344123
 4822.0     10.4522377584946
 4823.0     10.4511541197214
 4824.0     10.4500708179181
 4825.0     10.4489878529099
 4826.0     10.4479052245225
 4827.0     10.4468229325815
 4828.0     10.4457409769127
 4829.0     10.4446593573419
 4830.0     10.4435780736952
 4831.0     10.4424971257987
 4832.0     10.4414165134788
 4833.0     10.4403362365617
 4834.0     10.4392562948742
 4835.0     10.4381766882427
 4836.0     10.4370974164942
 4837.0     10.4360184794554
 4838.0     10.4349398769535
 4839.0     10.4338616088156
 4840.0     10.4327836748689
 4841.0     10.4317060749409
 4842.0     10.4306288088592
 4843.0     10.4295518764513
 4844.0     10.428475277545
 4845.0     10.4273990119684
 4846.0     10.4263230795493
 4847.0     10.4252474801159
 4848.0     10.4241722134966
 4849.0     10.4230972795196
 4850.0     10.4220226780137
 4851.0     10.4209484088073
 4852.0     10.4198744717293
 4853.0     10.4188008666085
 4854.0     10.4177275932741
 4855.0     10.416654651555
 4856.0     10.4155820412807
 4857.0     10.4145097622805
 4858.0     10.4134378143838
 4859.0     10.4123661974204
 4860.0     10.41129491122
 4861.0     10.4102239556124
 4862.0     10.4091533304278
 4863.0     10.4080830354961
 4864.0     10.4070130706477
 4865.0     10.4059434357129
 4866.0     10.4048741305222
 4867.0     10.4038051549062
 4868.0     10.4027365086957
 4869.0     10.4016681917215
 4870.0     10.4006002038146
 4871.0     10.3995325448062
 4872.0     10.3984652145273
 4873.0     10.3973982128094
 4874.0     10.3963315394839
 4875.0     10.3952651943824
 4876.0     10.3941991773367
 4877.0     10.3931334881784
 4878.0     10.3920681267397
 4879.0     10.3910030928525
 4880.0     10.3899383863491
 4881.0     10.3888740070618
 4882.0     10.3878099548229
 4883.0     10.386746229465
 4884.0     10.3856828308209
 4885.0     10.3846197587232
 4886.0     10.383557013005
 4887.0     10.3824945934992
 4888.0     10.3814325000389
 4889.0     10.3803707324575
 4890.0     10.3793092905883
 4891.0     10.3782481742649
 4892.0     10.3771873833208
 4893.0     10.3761269175898
 4894.0     10.3750667769058
 4895.0     10.3740069611028
 4896.0     10.3729474700148
 4897.0     10.3718883034761
 4898.0     10.3708294613209
 4899.0     10.3697709433839
 4900.0     10.3687127494995
 4901.0     10.3676548795024
 4902.0     10.3665973332274
 4903.0     10.3655401105095
 4904.0     10.3644832111838
 4905.0     10.3634266350853
 4906.0     10.3623703820494
 4907.0     10.3613144519114
 4908.0     10.3602588445069
 4909.0     10.3592035596715
 4910.0     10.358148597241
 4911.0     10.3570939570512
 4912.0     10.3560396389381
 4913.0     10.3549856427378
 4914.0     10.3539319682866
 4915.0     10.3528786154207
 4916.0     10.3518255839767
 4917.0     10.350772873791
 4918.0     10.3497204847004
 4919.0     10.3486684165417
 4920.0     10.3476166691518
 4921.0     10.3465652423676
 4922.0     10.3455141360265
 4923.0     10.3444633499656
 4924.0     10.3434128840223
 4925.0     10.3423627380341
 4926.0     10.3413129118386
 4927.0     10.3402634052736
 4928.0     10.3392142181769
 4929.0     10.3381653503864
 4930.0     10.3371168017402
 4931.0     10.3360685720765
 4932.0     10.3350206612337
 4933.0     10.33397306905
 4934.0     10.3329257953641
 4935.0     10.3318788400146
 4936.0     10.3308322028403
 4937.0     10.32978588368
 4938.0     10.3287398823727
 4939.0     10.3276941987575
 4940.0     10.3266488326737
 4941.0     10.3256037839605
 4942.0     10.3245590524575
 4943.0     10.3235146380041
 4944.0     10.32247054044
 4945.0     10.3214267596051
 4946.0     10.3203832953392
 4947.0     10.3193401474824
 4948.0     10.3182973158747
 4949.0     10.3172548003564
 4950.0     10.3162126007679
 4951.0     10.3151707169496
 4952.0     10.3141291487421
 4953.0     10.313087895986
 4954.0     10.3120469585222
 4955.0     10.3110063361917
 4956.0     10.3099660288353
 4957.0     10.3089260362943
 4958.0     10.30788635841
 4959.0     10.3068469950236
 4960.0     10.3058079459766
 4961.0     10.3047692111107
 4962.0     10.3037307902675
 4963.0     10.3026926832889
 4964.0     10.3016548900167
 4965.0     10.3006174102931
 4966.0     10.29958024396
 4967.0     10.2985433908599
 4968.0     10.2975068508351
 4969.0     10.296470623728
 4970.0     10.2954347093812
 4971.0     10.2943991076374
 4972.0     10.2933638183395
 4973.0     10.2923288413304
 4974.0     10.2912941764531
 4975.0     10.2902598235507
 4976.0     10.2892257824665
 4977.0     10.2881920530438
 4978.0     10.2871586351262
 4979.0     10.2861255285571
 4980.0     10.2850927331804
 4981.0     10.2840602488398
 4982.0     10.2830280753792
 4983.0     10.2819962126426
 4984.0     10.2809646604742
 4985.0     10.2799334187182
 4986.0     10.278902487219
 4987.0     10.277871865821
 4988.0     10.2768415543688
 4989.0     10.275811552707
 4990.0     10.2747818606805
 4991.0     10.2737524781341
 4992.0     10.2727234049129
 4993.0     10.271694640862
 4994.0     10.2706661858265
 4995.0     10.2696380396519
 4996.0     10.2686102021835
 4997.0     10.2675826732669
 4998.0     10.2665554527478
 4999.0     10.2655285404719
 5000.0     10.2645019362851
 5001.0     10.2634756400333
 5002.0     10.2624496515627
 5003.0     10.2614239707195
 5004.0     10.2603985973499
 5005.0     10.2593735313003
 5006.0     10.2583487724173
 5007.0     10.2573243205476
 5008.0     10.2563001755377
 5009.0     10.2552763372346
 5010.0     10.2542528054853
 5011.0     10.2532295801367
 5012.0     10.252206661036
 5013.0     10.2511840480305
 5014.0     10.2501617409676
 5015.0     10.2491397396947
 5016.0     10.2481180440594
 5017.0     10.2470966539095
 5018.0     10.2460755690926
 5019.0     10.2450547894568
 5020.0     10.24403431485
 5021.0     10.2430141451204
 5022.0     10.2419942801161
 5023.0     10.2409747196855
 5024.0     10.239955463677
 5025.0     10.2389365119392
 5026.0     10.2379178643207
 5027.0     10.2368995206703
 5028.0     10.2358814808368
 5029.0     10.2348637446691
 5030.0     10.2338463120164
 5031.0     10.2328291827278
 5032.0     10.2318123566526
 5033.0     10.2307958336401
 5034.0     10.2297796135399
 5035.0     10.2287636962016
 5036.0     10.2277480814747
 5037.0     10.2267327692092
 5038.0     10.2257177592549
 5039.0     10.2247030514619
 5040.0     10.2236886456802
 5041.0     10.22267454176
 5042.0     10.2216607395518
 5043.0     10.2206472389058
 5044.0     10.2196340396727
 5045.0     10.2186211417031
 5046.0     10.2176085448476
 5047.0     10.2165962489572
 5048.0     10.2155842538828
 5049.0     10.2145725594753
 5050.0     10.2135611655861
 5051.0     10.2125500720663
 5052.0     10.2115392787672
 5053.0     10.2105287855404
 5054.0     10.2095185922373
 5055.0     10.2085086987097
 5056.0     10.2074991048093
 5057.0     10.206489810388
 5058.0     10.2054808152978
 5059.0     10.2044721193907
 5060.0     10.2034637225189
 5061.0     10.2024556245347
 5062.0     10.2014478252904
 5063.0     10.2004403246385
 5064.0     10.1994331224317
 5065.0     10.1984262185226
 5066.0     10.197419612764
 5067.0     10.1964133050088
 5068.0     10.1954072951099
 5069.0     10.1944015829205
 5070.0     10.1933961682938
 5071.0     10.192391051083
 5072.0     10.1913862311416
 5073.0     10.190381708323
 5074.0     10.1893774824809
 5075.0     10.1883735534689
 5076.0     10.1873699211409
 5077.0     10.1863665853507
 5078.0     10.1853635459523
 5079.0     10.1843608027999
 5080.0     10.1833583557476
 5081.0     10.1823562046498
 5082.0     10.1813543493609
 5083.0     10.1803527897353
 5084.0     10.1793515256276
 5085.0     10.1783505568927
 5086.0     10.1773498833852
 5087.0     10.17634950496
 5088.0     10.1753494214723
 5089.0     10.174349632777
 5090.0     10.1733501387295
 5091.0     10.1723509391849
 5092.0     10.1713520339987
 5093.0     10.1703534230263
 5094.0     10.1693551061235
 5095.0     10.1683570831459
 5096.0     10.1673593539492
 5097.0     10.1663619183895
 5098.0     10.1653647763226
 5099.0     10.1643679276047
 5100.0     10.163371372092
 5101.0     10.1623751096407
 5102.0     10.1613791401073
 5103.0     10.1603834633483
 5104.0     10.1593880792202
 5105.0     10.1583929875797
 5106.0     10.1573981882836
 5107.0     10.1564036811888
 5108.0     10.1554094661523
 5109.0     10.1544155430311
 5110.0     10.1534219116825
 5111.0     10.1524285719637
 5112.0     10.151435523732
 5113.0     10.150442766845
 5114.0     10.1494503011602
 5115.0     10.1484581265353
 5116.0     10.1474662428281
 5117.0     10.1464746498963
 5118.0     10.145483347598
 5119.0     10.1444923357913
 5120.0     10.1435016143342
 5121.0     10.142511183085
 5122.0     10.1415210419021
 5123.0     10.1405311906439
 5124.0     10.1395416291689
 5125.0     10.1385523573358
 5126.0     10.1375633750033
 5127.0     10.1365746820303
 5128.0     10.1355862782756
 5129.0     10.1345981635983
 5130.0     10.1336103378575
 5131.0     10.1326228009124
 5132.0     10.1316355526224
 5133.0     10.1306485928467
 5134.0     10.129661921445
 5135.0     10.1286755382769
 5136.0     10.1276894432019
 5137.0     10.12670363608
 5138.0     10.125718116771
 5139.0     10.1247328851348
 5140.0     10.1237479410316
 5141.0     10.1227632843215
 5142.0     10.1217789148647
 5143.0     10.1207948325217
 5144.0     10.119811037153
 5145.0     10.1188275286189
 5146.0     10.1178443067803
 5147.0     10.1168613714977
 5148.0     10.1158787226322
 5149.0     10.1148963600445
 5150.0     10.1139142835958
 5151.0     10.112932493147
 5152.0     10.1119509885596
 5153.0     10.1109697696947
 5154.0     10.1099888364137
 5155.0     10.1090081885782
 5156.0     10.1080278260497
 5157.0     10.10704774869
 5158.0     10.1060679563607
 5159.0     10.1050884489238
 5160.0     10.1041092262413
 5161.0     10.1031302881751
 5162.0     10.1021516345875
 5163.0     10.1011732653406
 5164.0     10.1001951802969
 5165.0     10.0992173793187
 5166.0     10.0982398622687
 5167.0     10.0972626290093
 5168.0     10.0962856794033
 5169.0     10.0953090133135
 5170.0     10.0943326306028
 5171.0     10.0933565311343
 5172.0     10.0923807147709
 5173.0     10.0914051813759
 5174.0     10.0904299308124
 5175.0     10.089454962944
 5176.0     10.088480277634
 5177.0     10.087505874746
 5178.0     10.0865317541436
 5179.0     10.0855579156905
 5180.0     10.0845843592506
 5181.0     10.0836110846878
 5182.0     10.082638091866
 5183.0     10.0816653806495
 5184.0     10.0806929509023
 5185.0     10.0797208024887
 5186.0     10.0787489352732
 5187.0     10.0777773491201
 5188.0     10.0768060438941
 5189.0     10.0758350194598
 5190.0     10.0748642756819
 5191.0     10.0738938124252
 5192.0     10.0729236295547
 5193.0     10.0719537269354
 5194.0     10.0709841044323
 5195.0     10.0700147619108
 5196.0     10.069045699236
 5197.0     10.0680769162733
 5198.0     10.0671084128882
 5199.0     10.0661401889463
 5200.0     10.0651722443132
 5201.0     10.0642045788546
 5202.0     10.0632371924363
 5203.0     10.0622700849244
 5204.0     10.0613032561847
 5205.0     10.0603367060834
 5206.0     10.0593704344867
 5207.0     10.0584044412608
 5208.0     10.0574387262722
 5209.0     10.0564732893872
 5210.0     10.0555081304724
 5211.0     10.0545432493945
 5212.0     10.0535786460201
 5213.0     10.0526143202161
 5214.0     10.0516502718495
 5215.0     10.0506865007871
 5216.0     10.0497230068961
 5217.0     10.0487597900437
 5218.0     10.0477968500971
 5219.0     10.0468341869236
 5220.0     10.0458718003907
 5221.0     10.0449096903659
 5222.0     10.0439478567169
 5223.0     10.0429862993114
 5224.0     10.0420250180171
 5225.0     10.0410640127019
 5226.0     10.0401032832338
 5227.0     10.0391428294809
 5228.0     10.0381826513113
 5229.0     10.0372227485932
 5230.0     10.036263121195
 5231.0     10.0353037689851
 5232.0     10.0343446918319
 5233.0     10.0333858896041
 5234.0     10.0324273621704
 5235.0     10.0314691093995
 5236.0     10.0305111311603
 5237.0     10.0295534273216
 5238.0     10.0285959977526
 5239.0     10.0276388423224
 5240.0     10.0266819609
 5241.0     10.025725353355
 5242.0     10.0247690195565
 5243.0     10.0238129593741
 5244.0     10.0228571726774
 5245.0     10.0219016593359
 5246.0     10.0209464192194
 5247.0     10.0199914521977
 5248.0     10.0190367581408
 5249.0     10.0180823369185
 5250.0     10.017128188401
 5251.0     10.0161743124584
 5252.0     10.015220708961
 5253.0     10.014267377779
 5254.0     10.013314318783
 5255.0     10.0123615318435
 5256.0     10.0114090168309
 5257.0     10.010456773616
 5258.0     10.0095048020696
 5259.0     10.0085531020625
 5260.0     10.0076016734657
 5261.0     10.0066505161501
 5262.0     10.0056996299868
 5263.0     10.0047490148472
 5264.0     10.0037986706023
 5265.0     10.0028485971237
 5266.0     10.0018987942828
 5267.0     10.000949261951
 5268.0     10
 5269.0     9.99905100830154
 5270.0     9.99810228672739
 5271.0     9.99715383514941
 5272.0     9.99620565343958
 5273.0     9.99525774146993
 5274.0     9.9943100991126
 5275.0     9.9933627262398
 5276.0     9.99241562272384
 5277.0     9.9914687884371
 5278.0     9.99052222325204
 5279.0     9.98957592704123
 5280.0     9.9886298996773
 5281.0     9.98768414103297
 5282.0     9.98673865098105
 5283.0     9.98579342939444
 5284.0     9.98484847614611
 5285.0     9.98390379110912
 5286.0     9.98295937415661
 5287.0     9.98201522516181
 5288.0     9.98107134399804
 5289.0     9.98012773053869
 5290.0     9.97918438465723
 5291.0     9.97824130622724
 5292.0     9.97729849512236
 5293.0     9.97635595121632
 5294.0     9.97541367438294
 5295.0     9.97447166449611
 5296.0     9.9735299214298
 5297.0     9.9725884450581
 5298.0     9.97164723525514
 5299.0     9.97070629189515
 5300.0     9.96976561485245
 5301.0     9.96882520400144
 5302.0     9.96788505921659
 5303.0     9.96694518037246
 5304.0     9.96600556734371
 5305.0     9.96506622000505
 5306.0     9.9641271382313
 5307.0     9.96318832189736
 5308.0     9.96224977087819
 5309.0     9.96131148504885
 5310.0     9.96037346428449
 5311.0     9.95943570846033
 5312.0     9.95849821745166
 5313.0     9.95756099113389
 5314.0     9.95662402938247
 5315.0     9.95568733207297
 5316.0     9.954750899081
 5317.0     9.95381473028229
 5318.0     9.95287882555263
 5319.0     9.9519431847679
 5320.0     9.95100780780406
 5321.0     9.95007269453716
 5322.0     9.94913784484331
 5323.0     9.94820325859872
 5324.0     9.94726893567967
 5325.0     9.94633487596254
 5326.0     9.94540107932377
 5327.0     9.94446754563988
 5328.0     9.9435342747875
 5329.0     9.94260126664332
 5330.0     9.9416685210841
 5331.0     9.94073603798669
 5332.0     9.93980381722805
 5333.0     9.93887185868517
 5334.0     9.93794016223515
 5335.0     9.93700872775518
 5336.0     9.93607755512251
 5337.0     9.93514664421447
 5338.0     9.93421599490849
 5339.0     9.93328560708206
 5340.0     9.93235548061276
 5341.0     9.93142561537826
 5342.0     9.93049601125628
 5343.0     9.92956666812466
 5344.0     9.92863758586128
 5345.0     9.92770876434412
 5346.0     9.92678020345126
 5347.0     9.92585190306082
 5348.0     9.92492386305103
 5349.0     9.92399608330018
 5350.0     9.92306856368665
 5351.0     9.92214130408889
 5352.0     9.92121430438546
 5353.0     9.92028756445495
 5354.0     9.91936108417607
 5355.0     9.9184348634276
 5356.0     9.91750890208838
 5357.0     9.91658320003735
 5358.0     9.91565775715353
 5359.0     9.91473257331599
 5360.0     9.91380764840393
 5361.0     9.91288298229658
 5362.0     9.91195857487327
 5363.0     9.91103442601341
 5364.0     9.91011053559649
 5365.0     9.90918690350206
 5366.0     9.90826352960978
 5367.0     9.90734041379937
 5368.0     9.90641755595061
 5369.0     9.9054949559434
 5370.0     9.90457261365769
 5371.0     9.90365052897351
 5372.0     9.90272870177097
 5373.0     9.90180713193028
 5374.0     9.90088581933169
 5375.0     9.89996476385554
 5376.0     9.89904396538229
 5377.0     9.8981234237924
 5378.0     9.89720313896648
 5379.0     9.89628311078518
 5380.0     9.89536333912924
 5381.0     9.89444382387946
 5382.0     9.89352456491674
 5383.0     9.89260556212205
 5384.0     9.89168681537643
 5385.0     9.890768324561
 5386.0     9.88985008955698
 5387.0     9.88893211024562
 5388.0     9.8880143865083
 5389.0     9.88709691822643
 5390.0     9.88617970528154
 5391.0     9.8852627475552
 5392.0     9.88434604492907
 5393.0     9.88342959728491
 5394.0     9.88251340450451
 5395.0     9.88159746646978
 5396.0     9.88068178306268
 5397.0     9.87976635416527
 5398.0     9.87885117965965
 5399.0     9.87793625942804
 5400.0     9.8770215933527
 5401.0     9.87610718131599
 5402.0     9.87519302320034
 5403.0     9.87427911888824
 5404.0     9.87336546826229
 5405.0     9.87245207120513
 5406.0     9.87153892759949
 5407.0     9.87062603732819
 5408.0     9.86971340027411
 5409.0     9.8688010163202
 5410.0     9.86788888534951
 5411.0     9.86697700724515
 5412.0     9.86606538189029
 5413.0     9.8651540091682
 5414.0     9.86424288896222
 5415.0     9.86333202115577
 5416.0     9.86242140563233
 5417.0     9.86151104227546
 5418.0     9.8606009309688
 5419.0     9.85969107159607
 5420.0     9.85878146404106
 5421.0     9.85787210818762
 5422.0     9.85696300391971
 5423.0     9.85605415112132
 5424.0     9.85514554967656
 5425.0     9.85423719946958
 5426.0     9.85332910038463
 5427.0     9.85242125230601
 5428.0     9.85151365511811
 5429.0     9.8506063087054
 5430.0     9.84969921295241
 5431.0     9.84879236774375
 5432.0     9.84788577296412
 5433.0     9.84697942849825
 5434.0     9.846073334231
 5435.0     9.84516749004727
 5436.0     9.84426189583204
 5437.0     9.84335655147037
 5438.0     9.84245145684738
 5439.0     9.84154661184829
 5440.0     9.84064201635837
 5441.0     9.83973767026296
 5442.0     9.83883357344751
 5443.0     9.83792972579749
 5444.0     9.8370261271985
 5445.0     9.83612277753617
 5446.0     9.83521967669622
 5447.0     9.83431682456446
 5448.0     9.83341422102673
 5449.0     9.83251186596899
 5450.0     9.83160975927725
 5451.0     9.83070790083758
 5452.0     9.82980629053617
 5453.0     9.82890492825923
 5454.0     9.82800381389306
 5455.0     9.82710294732406
 5456.0     9.82620232843867
 5457.0     9.82530195712341
 5458.0     9.82440183326488
 5459.0     9.82350195674976
 5460.0     9.82260232746478
 5461.0     9.82170294529676
 5462.0     9.82080381013258
 5463.0     9.81990492185921
 5464.0     9.81900628036368
 5465.0     9.81810788553309
 5466.0     9.81720973725462
 5467.0     9.81631183541552
 5468.0     9.81541417990312
 5469.0     9.81451677060479
 5470.0     9.81361960740802
 5471.0     9.81272269020033
 5472.0     9.81182601886934
 5473.0     9.81092959330273
 5474.0     9.81003341338825
 5475.0     9.80913747901373
 5476.0     9.80824179006706
 5477.0     9.80734634643621
 5478.0     9.80645114800922
 5479.0     9.8055561946742
 5480.0     9.80466148631935
 5481.0     9.8037670228329
 5482.0     9.80287280410318
 5483.0     9.8019788300186
 5484.0     9.80108510046762
 5485.0     9.80019161533878
 5486.0     9.79929837452068
 5487.0     9.79840537790202
 5488.0     9.79751262537155
 5489.0     9.79662011681808
 5490.0     9.79572785213051
 5491.0     9.79483583119781
 5492.0     9.79394405390902
 5493.0     9.79305252015323
 5494.0     9.79216122981963
 5495.0     9.79127018279746
 5496.0     9.79037937897605
 5497.0     9.78948881824478
 5498.0     9.78859850049311
 5499.0     9.78770842561057
 5500.0     9.78681859348676
 5501.0     9.78592900401135
 5502.0     9.78503965707409
 5503.0     9.78415055256477
 5504.0     9.78326169037329
 5505.0     9.78237307038959
 5506.0     9.78148469250369
 5507.0     9.78059655660569
 5508.0     9.77970866258574
 5509.0     9.77882101033407
 5510.0     9.77793359974099
 5511.0     9.77704643069686
 5512.0     9.77615950309212
 5513.0     9.77527281681729
 5514.0     9.77438637176293
 5515.0     9.7735001678197
 5516.0     9.77261420487831
 5517.0     9.77172848282956
 5518.0     9.77084300156429
 5519.0     9.76995776097343
 5520.0     9.76907276094797
 5521.0     9.76818800137899
 5522.0     9.7673034821576
 5523.0     9.76641920317501
 5524.0     9.76553516432249
 5525.0     9.76465136549139
 5526.0     9.76376780657309
 5527.0     9.7628844874591
 5528.0     9.76200140804094
 5529.0     9.76111856821024
 5530.0     9.76023596785867
 5531.0     9.75935360687799
 5532.0     9.75847148516002
 5533.0     9.75758960259664
 5534.0     9.75670795907981
 5535.0     9.75582655450155
 5536.0     9.75494538875397
 5537.0     9.75406446172921
 5538.0     9.75318377331951
 5539.0     9.75230332341717
 5540.0     9.75142311191455
 5541.0     9.75054313870409
 5542.0     9.74966340367828
 5543.0     9.74878390672969
 5544.0     9.74790464775097
 5545.0     9.74702562663482
 5546.0     9.74614684327401
 5547.0     9.74526829756138
 5548.0     9.74438998938983
 5549.0     9.74351191865236
 5550.0     9.74263408524198
 5551.0     9.74175648905183
 5552.0     9.74087912997507
 5553.0     9.74000200790495
 5554.0     9.73912512273478
 5555.0     9.73824847435795
 5556.0     9.73737206266789
 5557.0     9.73649588755812
 5558.0     9.73561994892223
 5559.0     9.73474424665386
 5560.0     9.73386878064672
 5561.0     9.73299355079461
 5562.0     9.73211855699135
 5563.0     9.73124379913089
 5564.0     9.73036927710718
 5565.0     9.72949499081429
 5566.0     9.72862094014632
 5567.0     9.72774712499747
 5568.0     9.72687354526197
 5569.0     9.72600020083415
 5570.0     9.72512709160839
 5571.0     9.72425421747912
 5572.0     9.72338157834087
 5573.0     9.72250917408822
 5574.0     9.72163700461582
 5575.0     9.72076506981837
 5576.0     9.71989336959065
 5577.0     9.71902190382752
 5578.0     9.71815067242387
 5579.0     9.7172796752747
 5580.0     9.71640891227503
 5581.0     9.71553838331998
 5582.0     9.71466808830472
 5583.0     9.7137980271245
 5584.0     9.71292819967462
 5585.0     9.71205860585044
 5586.0     9.71118924554741
 5587.0     9.71032011866103
 5588.0     9.70945122508686
 5589.0     9.70858256472054
 5590.0     9.70771413745777
 5591.0     9.70684594319431
 5592.0     9.70597798182599
 5593.0     9.70511025324871
 5594.0     9.70424275735842
 5595.0     9.70337549405114
 5596.0     9.70250846322298
 5597.0     9.70164166477007
 5598.0     9.70077509858865
 5599.0     9.69990876457499
 5600.0     9.69904266262545
 5601.0     9.69817679263643
 5602.0     9.69731115450443
 5603.0     9.69644574812597
 5604.0     9.69558057339767
 5605.0     9.6947156302162
 5606.0     9.6938509184783
 5607.0     9.69298643808076
 5608.0     9.69212218892046
 5609.0     9.69125817089432
 5610.0     9.69039438389935
 5611.0     9.68953082783259
 5612.0     9.68866750259117
 5613.0     9.68780440807228
 5614.0     9.68694154417317
 5615.0     9.68607891079115
 5616.0     9.6852165078236
 5617.0     9.68435433516797
 5618.0     9.68349239272177
 5619.0     9.68263068038256
 5620.0     9.68176919804797
 5621.0     9.68090794561572
 5622.0     9.68004692298355
 5623.0     9.6791861300493
 5624.0     9.67832556671085
 5625.0     9.67746523286616
 5626.0     9.67660512841325
 5627.0     9.67574525325018
 5628.0     9.67488560727512
 5629.0     9.67402619038626
 5630.0     9.67316700248187
 5631.0     9.67230804346029
 5632.0     9.67144931321991
 5633.0     9.67059081165919
 5634.0     9.66973253867666
 5635.0     9.66887449417089
 5636.0     9.66801667804054
 5637.0     9.66715909018433
 5638.0     9.66630173050102
 5639.0     9.66544459888944
 5640.0     9.66458769524851
 5641.0     9.66373101947718
 5642.0     9.66287457147448
 5643.0     9.6620183511395
 5644.0     9.66116235837139
 5645.0     9.66030659306935
 5646.0     9.65945105513267
 5647.0     9.65859574446069
 5648.0     9.6577406609528
 5649.0     9.65688580450846
 5650.0     9.65603117502721
 5651.0     9.65517677240863
 5652.0     9.65432259655236
 5653.0     9.65346864735812
 5654.0     9.65261492472569
 5655.0     9.6517614285549
 5656.0     9.65090815874564
 5657.0     9.65005511519788
 5658.0     9.64920229781163
 5659.0     9.64834970648699
 5660.0     9.64749734112409
 5661.0     9.64664520162315
 5662.0     9.64579328788443
 5663.0     9.64494159980825
 5664.0     9.64409013729503
 5665.0     9.64323890024519
 5666.0     9.64238788855927
 5667.0     9.64153710213784
 5668.0     9.64068654088153
 5669.0     9.63983620469104
 5670.0     9.63898609346714
 5671.0     9.63813620711064
 5672.0     9.63728654552244
 5673.0     9.63643710860346
 5674.0     9.63558789625472
 5675.0     9.63473890837728
 5676.0     9.63389014487228
 5677.0     9.63304160564089
 5678.0     9.63219329058437
 5679.0     9.63134519960403
 5680.0     9.63049733260123
 5681.0     9.62964968947741
 5682.0     9.62880227013407
 5683.0     9.62795507447274
 5684.0     9.62710810239506
 5685.0     9.62626135380268
 5686.0     9.62541482859735
 5687.0     9.62456852668086
 5688.0     9.62372244795507
 5689.0     9.62287659232188
 5690.0     9.62203095968329
 5691.0     9.62118554994132
 5692.0     9.62034036299806
 5693.0     9.61949539875569
 5694.0     9.61865065711641
 5695.0     9.6178061379825
 5696.0     9.6169618412563
 5697.0     9.6161177668402
 5698.0     9.61527391463667
 5699.0     9.61443028454822
 5700.0     9.61358687647742
 5701.0     9.61274369032692
 5702.0     9.61190072599941
 5703.0     9.61105798339764
 5704.0     9.61021546242443
 5705.0     9.60937316298266
 5706.0     9.60853108497526
 5707.0     9.60768922830523
 5708.0     9.60684759287562
 5709.0     9.60600617858954
 5710.0     9.60516498535017
 5711.0     9.60432401306073
 5712.0     9.60348326162453
 5713.0     9.60264273094491
 5714.0     9.60180242092528
 5715.0     9.60096233146911
 5716.0     9.60012246247992
 5717.0     9.59928281386132
 5718.0     9.59844338551693
 5719.0     9.59760417735047
 5720.0     9.59676518926571
 5721.0     9.59592642116646
 5722.0     9.5950878729566
 5723.0     9.59424954454008
 5724.0     9.5934114358209
 5725.0     9.59257354670311
 5726.0     9.59173587709083
 5727.0     9.59089842688824
 5728.0     9.59006119599957
 5729.0     9.58922418432912
 5730.0     9.58838739178122
 5731.0     9.5875508182603
 5732.0     9.58671446367082
 5733.0     9.58587832791731
 5734.0     9.58504241090435
 5735.0     9.58420671253658
 5736.0     9.5833712327187
 5737.0     9.58253597135548
 5738.0     9.58170092835173
 5739.0     9.58086610361233
 5740.0     9.5800314970422
 5741.0     9.57919710854634
 5742.0     9.5783629380298
 5743.0     9.57752898539768
 5744.0     9.57669525055515
 5745.0     9.57586173340743
 5746.0     9.57502843385981
 5747.0     9.57419535181761
 5748.0     9.57336248718624
 5749.0     9.57252983987115
 5750.0     9.57169740977784
 5751.0     9.57086519681189
 5752.0     9.57003320087892
 5753.0     9.56920142188462
 5754.0     9.56836985973472
 5755.0     9.56753851433503
 5756.0     9.56670738559139
 5757.0     9.56587647340972
 5758.0     9.56504577769599
 5759.0     9.56421529835623
 5760.0     9.56338503529652
 5761.0     9.56255498842299
 5762.0     9.56172515764185
 5763.0     9.56089554285936
 5764.0     9.56006614398182
 5765.0     9.5592369609156
 5766.0     9.55840799356713
 5767.0     9.55757924184289
 5768.0     9.55675070564942
 5769.0     9.55592238489331
 5770.0     9.55509427948122
 5771.0     9.55426638931985
 5772.0     9.55343871431598
 5773.0     9.55261125437641
 5774.0     9.55178400940804
 5775.0     9.55095697931779
 5776.0     9.55013016401266
 5777.0     9.54930356339969
 5778.0     9.548477177386
 5779.0     9.54765100587873
 5780.0     9.54682504878511
 5781.0     9.5459993060124
 5782.0     9.54517377746794
 5783.0     9.54434846305911
 5784.0     9.54352336269335
 5785.0     9.54269847627817
 5786.0     9.5418738037211
 5787.0     9.54104934492976
 5788.0     9.54022509981182
 5789.0     9.53940106827499
 5790.0     9.53857725022706
 5791.0     9.53775364557585
 5792.0     9.53693025422925
 5793.0     9.5361070760952
 5794.0     9.53528411108171
 5795.0     9.53446135909682
 5796.0     9.53363882004865
 5797.0     9.53281649384537
 5798.0     9.53199438039519
 5799.0     9.53117247960639
 5800.0     9.5303507913873
 5801.0     9.52952931564631
 5802.0     9.52870805229186
 5803.0     9.52788700123245
 5804.0     9.52706616237663
 5805.0     9.52624553563302
 5806.0     9.52542512091026
 5807.0     9.52460491811708
 5808.0     9.52378492716226
 5809.0     9.52296514795461
 5810.0     9.52214558040303
 5811.0     9.52132622441645
 5812.0     9.52050707990387
 5813.0     9.51968814677432
 5814.0     9.51886942493692
 5815.0     9.51805091430082
 5816.0     9.51723261477523
 5817.0     9.51641452626942
 5818.0     9.51559664869271
 5819.0     9.51477898195447
 5820.0     9.51396152596413
 5821.0     9.51314428063118
 5822.0     9.51232724586516
 5823.0     9.51151042157566
 5824.0     9.51069380767233
 5825.0     9.50987740406486
 5826.0     9.50906121066301
 5827.0     9.50824522737661
 5828.0     9.5074294541155
 5829.0     9.5066138907896
 5830.0     9.5057985373089
 5831.0     9.50498339358341
 5832.0     9.50416845952322
 5833.0     9.50335373503845
 5834.0     9.50253922003931
 5835.0     9.50172491443603
 5836.0     9.50091081813891
 5837.0     9.50009693105829
 5838.0     9.49928325310459
 5839.0     9.49846978418825
 5840.0     9.49765652421979
 5841.0     9.49684347310978
 5842.0     9.49603063076883
 5843.0     9.49521799710761
 5844.0     9.49440557203685
 5845.0     9.49359335546733
 5846.0     9.49278134730988
 5847.0     9.49196954747539
 5848.0     9.49115795587479
 5849.0     9.49034657241907
 5850.0     9.48953539701929
 5851.0     9.48872442958654
 5852.0     9.48791367003197
 5853.0     9.48710311826679
 5854.0     9.48629277420225
 5855.0     9.48548263774967
 5856.0     9.48467270882041
 5857.0     9.48386298732588
 5858.0     9.48305347317757
 5859.0     9.48224416628698
 5860.0     9.4814350665657
 5861.0     9.48062617392535
 5862.0     9.47981748827762
 5863.0     9.47900900953424
 5864.0     9.478200737607
 5865.0     9.47739267240773
 5866.0     9.47658481384832
 5867.0     9.47577716184074
 5868.0     9.47496971629695
 5869.0     9.47416247712903
 5870.0     9.47335544424907
 5871.0     9.47254861756922
 5872.0     9.4717419970017
 5873.0     9.47093558245875
 5874.0     9.4701293738527
 5875.0     9.4693233710959
 5876.0     9.46851757410077
 5877.0     9.46771198277978
 5878.0     9.46690659704545
 5879.0     9.46610141681036
 5880.0     9.46529644198711
 5881.0     9.4644916724884
 5882.0     9.46368710822695
 5883.0     9.46288274911554
 5884.0     9.462078595067
 5885.0     9.46127464599421
 5886.0     9.46047090181012
 5887.0     9.4596673624277
 5888.0     9.45886402776
 5889.0     9.45806089772011
 5890.0     9.45725797222117
 5891.0     9.45645525117638
 5892.0     9.45565273449897
 5893.0     9.45485042210225
 5894.0     9.45404831389957
 5895.0     9.45324640980433
 5896.0     9.45244470972997
 5897.0     9.45164321359
 5898.0     9.45084192129797
 5899.0     9.4500408327675
 5900.0     9.44923994791223
 5901.0     9.44843926664588
 5902.0     9.4476387888822
 5903.0     9.446838514535
 5904.0     9.44603844351815
 5905.0     9.44523857574555
 5906.0     9.44443891113118
 5907.0     9.44363944958904
 5908.0     9.44284019103321
 5909.0     9.44204113537778
 5910.0     9.44124228253695
 5911.0     9.44044363242491
 5912.0     9.43964518495595
 5913.0     9.43884694004437
 5914.0     9.43804889760456
 5915.0     9.43725105755092
 5916.0     9.43645341979794
 5917.0     9.43565598426013
 5918.0     9.43485875085207
 5919.0     9.43406171948838
 5920.0     9.43326489008373
 5921.0     9.43246826255286
 5922.0     9.43167183681052
 5923.0     9.43087561277155
 5924.0     9.43007959035082
 5925.0     9.42928376946326
 5926.0     9.42848815002385
 5927.0     9.4276927319476
 5928.0     9.42689751514959
 5929.0     9.42610249954496
 5930.0     9.42530768504888
 5931.0     9.42451307157657
 5932.0     9.42371865904331
 5933.0     9.42292444736443
 5934.0     9.4221304364553
 5935.0     9.42133662623135
 5936.0     9.42054301660806
 5937.0     9.41974960750094
 5938.0     9.41895639882559
 5939.0     9.41816339049761
 5940.0     9.41737058243269
 5941.0     9.41657797454656
 5942.0     9.41578556675498
 5943.0     9.41499335897378
 5944.0     9.41420135111884
 5945.0     9.41340954310608
 5946.0     9.41261793485146
 5947.0     9.41182652627102
 5948.0     9.41103531728082
 5949.0     9.41024430779699
 5950.0     9.40945349773569
 5951.0     9.40866288701315
 5952.0     9.40787247554563
 5953.0     9.40708226324945
 5954.0     9.40629225004098
 5955.0     9.40550243583664
 5956.0     9.40471282055289
 5957.0     9.40392340410624
 5958.0     9.40313418641326
 5959.0     9.40234516739057
 5960.0     9.40155634695482
 5961.0     9.40076772502272
 5962.0     9.39997930151104
 5963.0     9.39919107633658
 5964.0     9.3984030494162
 5965.0     9.3976152206668
 5966.0     9.39682759000534
 5967.0     9.39604015734883
 5968.0     9.39525292261431
 5969.0     9.39446588571889
 5970.0     9.39367904657971
 5971.0     9.39289240511398
 5972.0     9.39210596123894
 5973.0     9.39131971487188
 5974.0     9.39053366593015
 5975.0     9.38974781433114
 5976.0     9.38896215999229
 5977.0     9.38817670283109
 5978.0     9.38739144276507
 5979.0     9.38660637971183
 5980.0     9.38582151358899
 5981.0     9.38503684431423
 5982.0     9.38425237180529
 5983.0     9.38346809597994
 5984.0     9.38268401675601
 5985.0     9.38190013405138
 5986.0     9.38111644778396
 5987.0     9.38033295787172
 5988.0     9.37954966423269
 5989.0     9.37876656678493
 5990.0     9.37798366544655
 5991.0     9.37720096013571
 5992.0     9.37641845077063
 5993.0     9.37563613726956
 5994.0     9.3748540195508
 5995.0     9.37407209753272
 5996.0     9.3732903711337
 5997.0     9.3725088402722
 5998.0     9.37172750486671
 5999.0     9.37094636483577
 6000.0     9.37016542009798
 6001.0     9.36938467057198
 6002.0     9.36860411617644
 6003.0     9.36782375683011
 6004.0     9.36704359245175
 6005.0     9.36626362296021
 6006.0     9.36548384827435
 6007.0     9.3647042683131
 6008.0     9.36392488299542
 6009.0     9.36314569224034
 6010.0     9.36236669596691
 6011.0     9.36158789409425
 6012.0     9.36080928654152
 6013.0     9.36003087322792
 6014.0     9.3592526540727
 6015.0     9.35847462899516
 6016.0     9.35769679791465
 6017.0     9.35691916075056
 6018.0     9.35614171742233
 6019.0     9.35536446784945
 6020.0     9.35458741195145
 6021.0     9.35381054964791
 6022.0     9.35303388085846
 6023.0     9.35225740550277
 6024.0     9.35148112350056
 6025.0     9.3507050347716
 6026.0     9.3499291392357
 6027.0     9.34915343681273
 6028.0     9.34837792742258
 6029.0     9.34760261098522
 6030.0     9.34682748742064
 6031.0     9.34605255664889
 6032.0     9.34527781859006
 6033.0     9.34450327316428
 6034.0     9.34372892029176
 6035.0     9.34295475989271
 6036.0     9.34218079188741
 6037.0     9.3414070161962
 6038.0     9.34063343273943
 6039.0     9.33986004143752
 6040.0     9.33908684221095
 6041.0     9.3383138349802
 6042.0     9.33754101966585
 6043.0     9.33676839618849
 6044.0     9.33599596446877
 6045.0     9.33522372442737
 6046.0     9.33445167598505
 6047.0     9.33367981906257
 6048.0     9.33290815358078
 6049.0     9.33213667946055
 6050.0     9.33136539662279
 6051.0     9.33059430498849
 6052.0     9.32982340447864
 6053.0     9.32905269501432
 6054.0     9.32828217651661
 6055.0     9.32751184890669
 6056.0     9.32674171210573
 6057.0     9.32597176603498
 6058.0     9.32520201061573
 6059.0     9.32443244576931
 6060.0     9.3236630714171
 6061.0     9.32289388748052
 6062.0     9.32212489388103
 6063.0     9.32135609054016
 6064.0     9.32058747737946
 6065.0     9.31981905432054
 6066.0     9.31905082128504
 6067.0     9.31828277819466
 6068.0     9.31751492497114
 6069.0     9.31674726153627
 6070.0     9.31597978781187
 6071.0     9.31521250371982
 6072.0     9.31444540918204
 6073.0     9.3136785041205
 6074.0     9.3129117884572
 6075.0     9.31214526211421
 6076.0     9.31137892501361
 6077.0     9.31061277707756
 6078.0     9.30984681822825
 6079.0     9.3090810483879
 6080.0     9.30831546747881
 6081.0     9.30755007542329
 6082.0     9.30678487214371
 6083.0     9.30601985756249
 6084.0     9.30525503160208
 6085.0     9.30449039418499
 6086.0     9.30372594523376
 6087.0     9.30296168467098
 6088.0     9.3021976124193
 6089.0     9.30143372840139
 6090.0     9.30067003253998
 6091.0     9.29990652475783
 6092.0     9.29914320497777
 6093.0     9.29838007312264
 6094.0     9.29761712911536
 6095.0     9.29685437287886
 6096.0     9.29609180433615
 6097.0     9.29532942341025
 6098.0     9.29456723002424
 6099.0     9.29380522410125
 6100.0     9.29304340556445
 6101.0     9.29228177433705
 6102.0     9.2915203303423
 6103.0     9.2907590735035
 6104.0     9.289998003744
 6105.0     9.28923712098718
 6106.0     9.28847642515649
 6107.0     9.28771591617538
 6108.0     9.28695559396739
 6109.0     9.28619545845607
 6110.0     9.28543550956504
 6111.0     9.28467574721794
 6112.0     9.28391617133846
 6113.0     9.28315678185035
 6114.0     9.28239757867739
 6115.0     9.2816385617434
 6116.0     9.28087973097226
 6117.0     9.28012108628787
 6118.0     9.27936262761419
 6119.0     9.27860435487523
 6120.0     9.27784626799501
 6121.0     9.27708836689764
 6122.0     9.27633065150724
 6123.0     9.27557312174799
 6124.0     9.27481577754409
 6125.0     9.27405861881982
 6126.0     9.27330164549947
 6127.0     9.27254485750739
 6128.0     9.27178825476797
 6129.0     9.27103183720564
 6130.0     9.27027560474489
 6131.0     9.26951955731022
 6132.0     9.26876369482621
 6133.0     9.26800801721745
 6134.0     9.2672525244086
 6135.0     9.26649721632434
 6136.0     9.26574209288941
 6137.0     9.26498715402859
 6138.0     9.2642323996667
 6139.0     9.2634778297286
 6140.0     9.26272344413919
 6141.0     9.26196924282344
 6142.0     9.26121522570631
 6143.0     9.26046139271286
 6144.0     9.25970774376816
 6145.0     9.25895427879732
 6146.0     9.25820099772551
 6147.0     9.25744790047794
 6148.0     9.25669498697985
 6149.0     9.25594225715653
 6150.0     9.25518971093331
 6151.0     9.25443734823557
 6152.0     9.25368516898873
 6153.0     9.25293317311825
 6154.0     9.25218136054962
 6155.0     9.25142973120839
 6156.0     9.25067828502016
 6157.0     9.24992702191054
 6158.0     9.24917594180521
 6159.0     9.24842504462989
 6160.0     9.24767433031032
 6161.0     9.24692379877232
 6162.0     9.24617344994171
 6163.0     9.24542328374438
 6164.0     9.24467330010626
 6165.0     9.24392349895331
 6166.0     9.24317388021154
 6167.0     9.242424443807
 6168.0     9.24167518966578
 6169.0     9.24092611771402
 6170.0     9.24017722787789
 6171.0     9.23942852008362
 6172.0     9.23867999425746
 6173.0     9.23793165032571
 6174.0     9.23718348821471
 6175.0     9.23643550785087
 6176.0     9.23568770916058
 6177.0     9.23494009207034
 6178.0     9.23419265650665
 6179.0     9.23344540239606
 6180.0     9.23269832966517
 6181.0     9.2319514382406
 6182.0     9.23120472804904
 6183.0     9.23045819901721
 6184.0     9.22971185107186
 6185.0     9.22896568413979
 6186.0     9.22821969814786
 6187.0     9.22747389302294
 6188.0     9.22672826869196
 6189.0     9.22598282508188
 6190.0     9.22523756211971
 6191.0     9.22449247973251
 6192.0     9.22374757784736
 6193.0     9.22300285639139
 6194.0     9.22225831529178
 6195.0     9.22151395447574
 6196.0     9.22076977387053
 6197.0     9.22002577340344
 6198.0     9.21928195300181
 6199.0     9.21853831259302
 6200.0     9.21779485210448
 6201.0     9.21705157146366
 6202.0     9.21630847059807
 6203.0     9.21556554943523
 6204.0     9.21482280790274
 6205.0     9.21408024592821
 6206.0     9.21333786343932
 6207.0     9.21259566036377
 6208.0     9.2118536366293
 6209.0     9.2111117921637
 6210.0     9.2103701268948
 6211.0     9.20962864075047
 6212.0     9.20888733365861
 6213.0     9.20814620554718
 6214.0     9.20740525634417
 6215.0     9.2066644859776
 6216.0     9.20592389437555
 6217.0     9.20518348146613
 6218.0     9.2044432471775
 6219.0     9.20370319143783
 6220.0     9.20296331417538
 6221.0     9.20222361531841
 6222.0     9.20148409479523
 6223.0     9.2007447525342
 6224.0     9.20000558846371
 6225.0     9.1992666025122
 6226.0     9.19852779460815
 6227.0     9.19778916468006
 6228.0     9.19705071265649
 6229.0     9.19631243846605
 6230.0     9.19557434203736
 6231.0     9.1948364232991
 6232.0     9.19409868217998
 6233.0     9.19336111860877
 6234.0     9.19262373251425
 6235.0     9.19188652382526
 6236.0     9.19114949247069
 6237.0     9.19041263837944
 6238.0     9.18967596148046
 6239.0     9.18893946170276
 6240.0     9.18820313897537
 6241.0     9.18746699322737
 6242.0     9.18673102438786
 6243.0     9.18599523238601
 6244.0     9.18525961715101
 6245.0     9.18452417861209
 6246.0     9.18378891669852
 6247.0     9.18305383133962
 6248.0     9.18231892246474
 6249.0     9.18158419000327
 6250.0     9.18084963388466
 6251.0     9.18011525403835
 6252.0     9.17938105039387
 6253.0     9.17864702288077
 6254.0     9.17791317142864
 6255.0     9.1771794959671
 6256.0     9.17644599642583
 6257.0     9.17571267273453
 6258.0     9.17497952482295
 6259.0     9.17424655262088
 6260.0     9.17351375605814
 6261.0     9.17278113506459
 6262.0     9.17204868957015
 6263.0     9.17131641950474
 6264.0     9.17058432479837
 6265.0     9.16985240538104
 6266.0     9.16912066118282
 6267.0     9.16838909213381
 6268.0     9.16765769816415
 6269.0     9.16692647920401
 6270.0     9.16619543518361
 6271.0     9.16546456603321
 6272.0     9.1647338716831
 6273.0     9.16400335206361
 6274.0     9.16327300710513
 6275.0     9.16254283673805
 6276.0     9.16181284089283
 6277.0     9.16108301949996
 6278.0     9.16035337248996
 6279.0     9.1596238997934
 6280.0     9.15889460134089
 6281.0     9.15816547706307
 6282.0     9.15743652689062
 6283.0     9.15670775075426
 6284.0     9.15597914858476
 6285.0     9.15525072031291
 6286.0     9.15452246586954
 6287.0     9.15379438518553
 6288.0     9.1530664781918
 6289.0     9.1523387448193
 6290.0     9.15161118499901
 6291.0     9.15088379866198
 6292.0     9.15015658573925
 6293.0     9.14942954616194
 6294.0     9.1487026798612
 6295.0     9.1479759867682
 6296.0     9.14724946681417
 6297.0     9.14652311993036
 6298.0     9.14579694604808
 6299.0     9.14507094509865
 6300.0     9.14434511701344
 6301.0     9.14361946172388
 6302.0     9.14289397916141
 6303.0     9.14216866925752
 6304.0     9.14144353194372
 6305.0     9.1407185671516
 6306.0     9.13999377481274
 6307.0     9.13926915485879
 6308.0     9.13854470722142
 6309.0     9.13782043183235
 6310.0     9.13709632862333
 6311.0     9.13637239752616
 6312.0     9.13564863847266
 6313.0     9.1349250513947
 6314.0     9.13420163622418
 6315.0     9.13347839289305
 6316.0     9.13275532133328
 6317.0     9.13203242147689
 6318.0     9.13130969325595
 6319.0     9.13058713660253
 6320.0     9.12986475144878
 6321.0     9.12914253772685
 6322.0     9.12842049536896
 6323.0     9.12769862430734
 6324.0     9.12697692447429
 6325.0     9.12625539580211
 6326.0     9.12553403822316
 6327.0     9.12481285166984
 6328.0     9.12409183607457
 6329.0     9.12337099136982
 6330.0     9.12265031748811
 6331.0     9.12192981436196
 6332.0     9.12120948192396
 6333.0     9.12048932010673
 6334.0     9.11976932884292
 6335.0     9.11904950806522
 6336.0     9.11832985770637
 6337.0     9.11761037769912
 6338.0     9.11689106797627
 6339.0     9.11617192847068
 6340.0     9.11545295911521
 6341.0     9.11473415984278
 6342.0     9.11401553058635
 6343.0     9.11329707127889
 6344.0     9.11257878185344
 6345.0     9.11186066224305
 6346.0     9.11114271238083
 6347.0     9.11042493219991
 6348.0     9.10970732163346
 6349.0     9.1089898806147
 6350.0     9.10827260907686
 6351.0     9.10755550695324
 6352.0     9.10683857417715
 6353.0     9.10612181068195
 6354.0     9.10540521640103
 6355.0     9.10468879126782
 6356.0     9.10397253521579
 6357.0     9.10325644817845
 6358.0     9.10254053008932
 6359.0     9.101824780882
 6360.0     9.10110920049009
 6361.0     9.10039378884723
 6362.0     9.09967854588713
 6363.0     9.09896347154349
 6364.0     9.09824856575008
 6365.0     9.0975338284407
 6366.0     9.09681925954918
 6367.0     9.09610485900937
 6368.0     9.0953906267552
 6369.0     9.0946765627206
 6370.0     9.09396266683954
 6371.0     9.09324893904604
 6372.0     9.09253537927415
 6373.0     9.09182198745796
 6374.0     9.09110876353159
 6375.0     9.09039570742919
 6376.0     9.08968281908497
 6377.0     9.08897009843314
 6378.0     9.08825754540798
 6379.0     9.08754515994379
 6380.0     9.08683294197492
 6381.0     9.08612089143572
 6382.0     9.08540900826062
 6383.0     9.08469729238406
 6384.0     9.08398574374053
 6385.0     9.08327436226454
 6386.0     9.08256314789065
 6387.0     9.08185210055344
 6388.0     9.08114122018755
 6389.0     9.08043050672763
 6390.0     9.07971996010838
 6391.0     9.07900958026455
 6392.0     9.07829936713089
 6393.0     9.07758932064221
 6394.0     9.07687944073335
 6395.0     9.07616972733919
 6396.0     9.07546018039464
 6397.0     9.07475079983465
 6398.0     9.0740415855942
 6399.0     9.07333253760831
 6400.0     9.07262365581203
 6401.0     9.07191494014045
 6402.0     9.07120639052871
 6403.0     9.07049800691195
 6404.0     9.06978978922538
 6405.0     9.06908173740423
 6406.0     9.06837385138376
 6407.0     9.06766613109929
 6408.0     9.06695857648613
 6409.0     9.06625118747967
 6410.0     9.06554396401532
 6411.0     9.06483690602851
 6412.0     9.06413001345474
 6413.0     9.0634232862295
 6414.0     9.06271672428836
 6415.0     9.0620103275669
 6416.0     9.06130409600072
 6417.0     9.0605980295255
 6418.0     9.05989212807692
 6419.0     9.0591863915907
 6420.0     9.05848082000261
 6421.0     9.05777541324843
 6422.0     9.05707017126401
 6423.0     9.0563650939852
 6424.0     9.0556601813479
 6425.0     9.05495543328805
 6426.0     9.05425084974161
 6427.0     9.0535464306446
 6428.0     9.05284217593305
 6429.0     9.05213808554303
 6430.0     9.05143415941066
 6431.0     9.05073039747208
 6432.0     9.05002679966346
 6433.0     9.04932336592102
 6434.0     9.04862009618101
 6435.0     9.04791699037971
 6436.0     9.04721404845344
 6437.0     9.04651127033854
 6438.0     9.04580865597141
 6439.0     9.04510620528847
 6440.0     9.04440391822617
 6441.0     9.043701794721
 6442.0     9.04299983470948
 6443.0     9.04229803812818
 6444.0     9.04159640491369
 6445.0     9.04089493500264
 6446.0     9.04019362833169
 6447.0     9.03949248483753
 6448.0     9.0387915044569
 6449.0     9.03809068712656
 6450.0     9.03739003278331
 6451.0     9.03668954136399
 6452.0     9.03598921280547
 6453.0     9.03528904704464
 6454.0     9.03458904401844
 6455.0     9.03388920366386
 6456.0     9.03318952591787
 6457.0     9.03249001071755
 6458.0     9.03179065799994
 6459.0     9.03109146770216
 6460.0     9.03039243976136
 6461.0     9.0296935741147
 6462.0     9.0289948706994
 6463.0     9.0282963294527
 6464.0     9.02759795031188
 6465.0     9.02689973321425
 6466.0     9.02620167809715
 6467.0     9.02550378489797
 6468.0     9.02480605355412
 6469.0     9.02410848400305
 6470.0     9.02341107618223
 6471.0     9.02271383002918
 6472.0     9.02201674548146
 6473.0     9.02131982247663
 6474.0     9.02062306095233
 6475.0     9.01992646084619
 6476.0     9.01923002209591
 6477.0     9.0185337446392
 6478.0     9.01783762841381
 6479.0     9.01714167335752
 6480.0     9.01644587940815
 6481.0     9.01575024650357
 6482.0     9.01505477458164
 6483.0     9.01435946358029
 6484.0     9.01366431343747
 6485.0     9.01296932409117
 6486.0     9.01227449547941
 6487.0     9.01157982754024
 6488.0     9.01088532021174
 6489.0     9.01019097343204
 6490.0     9.00949678713928
 6491.0     9.00880276127166
 6492.0     9.0081088957674
 6493.0     9.00741519056474
 6494.0     9.00672164560197
 6495.0     9.00602826081742
 6496.0     9.00533503614943
 6497.0     9.0046419715364
 6498.0     9.00394906691673
 6499.0     9.00325632222889
 6500.0     9.00256373741135
 6501.0     9.00187131240264
 6502.0     9.00117904714131
 6503.0     9.00048694156595
 6504.0     8.99979499561516
 6505.0     8.9991032092276
 6506.0     8.99841158234196
 6507.0     8.99772011489695
 6508.0     8.99702880683132
 6509.0     8.99633765808386
 6510.0     8.99564666859338
 6511.0     8.99495583829872
 6512.0     8.99426516713877
 6513.0     8.99357465505245
 6514.0     8.9928843019787
 6515.0     8.9921941078565
 6516.0     8.99150407262486
 6517.0     8.99081419622283
 6518.0     8.99012447858949
 6519.0     8.98943491966394
 6520.0     8.98874551938533
 6521.0     8.98805627769284
 6522.0     8.98736719452568
 6523.0     8.98667826982308
 6524.0     8.98598950352433
 6525.0     8.98530089556872
 6526.0     8.9846124458956
 6527.0     8.98392415444433
 6528.0     8.98323602115433
 6529.0     8.98254804596503
 6530.0     8.98186022881589
 6531.0     8.98117256964643
 6532.0     8.98048506839617
 6533.0     8.97979772500467
 6534.0     8.97911053941155
 6535.0     8.97842351155642
 6536.0     8.97773664137896
 6537.0     8.97704992881886
 6538.0     8.97636337381584
 6539.0     8.97567697630967
 6540.0     8.97499073624014
 6541.0     8.97430465354707
 6542.0     8.97361872817033
 6543.0     8.97293296004979
 6544.0     8.97224734912539
 6545.0     8.97156189533707
 6546.0     8.97087659862482
 6547.0     8.97019145892865
 6548.0     8.96950647618863
 6549.0     8.96882165034482
 6550.0     8.96813698133735
 6551.0     8.96745246910635
 6552.0     8.96676811359201
 6553.0     8.96608391473453
 6554.0     8.96539987247417
 6555.0     8.96471598675118
 6556.0     8.96403225750587
 6557.0     8.96334868467859
 6558.0     8.9626652682097
 6559.0     8.96198200803961
 6560.0     8.96129890410874
 6561.0     8.96061595635756
 6562.0     8.95993316472656
 6563.0     8.95925052915628
 6564.0     8.95856804958727
 6565.0     8.95788572596013
 6566.0     8.95720355821547
 6567.0     8.95652154629396
 6568.0     8.95583969013628
 6569.0     8.95515798968314
 6570.0     8.95447644487529
 6571.0     8.95379505565353
 6572.0     8.95311382195865
 6573.0     8.95243274373151
 6574.0     8.95175182091297
 6575.0     8.95107105344396
 6576.0     8.95039044126539
 6577.0     8.94970998431825
 6578.0     8.94902968254354
 6579.0     8.94834953588228
 6580.0     8.94766954427555
 6581.0     8.94698970766444
 6582.0     8.94631002599007
 6583.0     8.9456304991936
 6584.0     8.94495112721622
 6585.0     8.94427190999916
 6586.0     8.94359284748366
 6587.0     8.94291393961101
 6588.0     8.94223518632252
 6589.0     8.94155658755954
 6590.0     8.94087814326344
 6591.0     8.94019985337563
 6592.0     8.93952171783756
 6593.0     8.93884373659068
 6594.0     8.9381659095765
 6595.0     8.93748823673656
 6596.0     8.93681071801242
 6597.0     8.93613335334566
 6598.0     8.93545614267792
 6599.0     8.93477908595085
 6600.0     8.93410218310614
 6601.0     8.9334254340855
 6602.0     8.93274883883069
 6603.0     8.93207239728348
 6604.0     8.93139610938569
 6605.0     8.93071997507916
 6606.0     8.93004399430575
 6607.0     8.92936816700737
 6608.0     8.92869249312596
 6609.0     8.92801697260348
 6610.0     8.92734160538192
 6611.0     8.92666639140332
 6612.0     8.92599133060972
 6613.0     8.92531642294321
 6614.0     8.92464166834591
 6615.0     8.92396706675998
 6616.0     8.92329261812759
 6617.0     8.92261832239095
 6618.0     8.92194417949229
 6619.0     8.9212701893739
 6620.0     8.92059635197807
 6621.0     8.91992266724713
 6622.0     8.91924913512345
 6623.0     8.91857575554942
 6624.0     8.91790252846746
 6625.0     8.91722945382003
 6626.0     8.91655653154961
 6627.0     8.91588376159871
 6628.0     8.91521114390988
 6629.0     8.91453867842569
 6630.0     8.91386636508876
 6631.0     8.91319420384171
 6632.0     8.91252219462721
 6633.0     8.91185033738796
 6634.0     8.91117863206668
 6635.0     8.91050707860613
 6636.0     8.9098356769491
 6637.0     8.90916442703841
 6638.0     8.9084933288169
 6639.0     8.90782238222745
 6640.0     8.90715158721296
 6641.0     8.90648094371638
 6642.0     8.90581045168067
 6643.0     8.90514011104883
 6644.0     8.90446992176389
 6645.0     8.9037998837689
 6646.0     8.90312999700696
 6647.0     8.90246026142118
 6648.0     8.9017906769547
 6649.0     8.90112124355072
 6650.0     8.90045196115242
 6651.0     8.89978282970305
 6652.0     8.89911384914589
 6653.0     8.89844501942422
 6654.0     8.89777634048136
 6655.0     8.89710781226069
 6656.0     8.89643943470558
 6657.0     8.89577120775946
 6658.0     8.89510313136576
 6659.0     8.89443520546796
 6660.0     8.89376743000957
 6661.0     8.89309980493413
 6662.0     8.89243233018519
 6663.0     8.89176500570636
 6664.0     8.89109783144125
 6665.0     8.89043080733352
 6666.0     8.88976393332686
 6667.0     8.88909720936497
 6668.0     8.8884306353916
 6669.0     8.88776421135052
 6670.0     8.88709793718554
 6671.0     8.88643181284047
 6672.0     8.88576583825919
 6673.0     8.88510001338559
 6674.0     8.88443433816357
 6675.0     8.8837688125371
 6676.0     8.88310343645014
 6677.0     8.88243820984671
 6678.0     8.88177313267084
 6679.0     8.8811082048666
 6680.0     8.88044342637809
 6681.0     8.87977879714942
 6682.0     8.87911431712476
 6683.0     8.87844998624828
 6684.0     8.8777858044642
 6685.0     8.87712177171677
 6686.0     8.87645788795024
 6687.0     8.87579415310892
 6688.0     8.87513056713714
 6689.0     8.87446712997926
 6690.0     8.87380384157967
 6691.0     8.87314070188278
 6692.0     8.87247771083303
 6693.0     8.87181486837491
 6694.0     8.87115217445291
 6695.0     8.87048962901157
 6696.0     8.86982723199545
 6697.0     8.86916498334914
 6698.0     8.86850288301726
 6699.0     8.86784093094446
 6700.0     8.86717912707541
 6701.0     8.86651747135482
 6702.0     8.86585596372744
 6703.0     8.86519460413801
 6704.0     8.86453339253134
 6705.0     8.86387232885224
 6706.0     8.86321141304557
 6707.0     8.8625506450562
 6708.0     8.86189002482905
 6709.0     8.86122955230904
 6710.0     8.86056922744116
 6711.0     8.85990905017038
 6712.0     8.85924902044174
 6713.0     8.85858913820027
 6714.0     8.85792940339108
 6715.0     8.85726981595926
 6716.0     8.85661037584994
 6717.0     8.85595108300831
 6718.0     8.85529193737954
 6719.0     8.85463293890887
 6720.0     8.85397408754154
 6721.0     8.85331538322285
 6722.0     8.85265682589808
 6723.0     8.85199841551259
 6724.0     8.85134015201173
 6725.0     8.85068203534091
 6726.0     8.85002406544554
 6727.0     8.84936624227107
 6728.0     8.84870856576299
 6729.0     8.8480510358668
 6730.0     8.84739365252804
 6731.0     8.84673641569227
 6732.0     8.84607932530508
 6733.0     8.8454223813121
 6734.0     8.84476558365897
 6735.0     8.84410893229138
 6736.0     8.84345242715501
 6737.0     8.84279606819563
 6738.0     8.84213985535897
 6739.0     8.84148378859083
 6740.0     8.84082786783704
 6741.0     8.84017209304344
 6742.0     8.83951646415589
 6743.0     8.83886098112031
 6744.0     8.83820564388263
 6745.0     8.8375504523888
 6746.0     8.83689540658481
 6747.0     8.83624050641667
 6748.0     8.83558575183044
 6749.0     8.83493114277217
 6750.0     8.83427667918797
 6751.0     8.83362236102397
 6752.0     8.83296818822631
 6753.0     8.83231416074119
 6754.0     8.83166027851481
 6755.0     8.83100654149341
 6756.0     8.83035294962325
 6757.0     8.82969950285064
 6758.0     8.82904620112189
 6759.0     8.82839304438335
 6760.0     8.8277400325814
 6761.0     8.82708716566244
 6762.0     8.82643444357292
 6763.0     8.82578186625928
 6764.0     8.82512943366801
 6765.0     8.82447714574564
 6766.0     8.82382500243871
 6767.0     8.82317300369378
 6768.0     8.82252114945746
 6769.0     8.82186943967637
 6770.0     8.82121787429717
 6771.0     8.82056645326653
 6772.0     8.81991517653118
 6773.0     8.81926404403784
 6774.0     8.81861305573327
 6775.0     8.81796221156428
 6776.0     8.81731151147768
 6777.0     8.81666095542032
 6778.0     8.81601054333906
 6779.0     8.81536027518083
 6780.0     8.81471015089253
 6781.0     8.81406017042113
 6782.0     8.81341033371361
 6783.0     8.81276064071699
 6784.0     8.8121110913783
 6785.0     8.81146168564461
 6786.0     8.81081242346301
 6787.0     8.81016330478062
 6788.0     8.80951432954459
 6789.0     8.80886549770209
 6790.0     8.80821680920033
 6791.0     8.80756826398654
 6792.0     8.80691986200796
 6793.0     8.8062716032119
 6794.0     8.80562348754565
 6795.0     8.80497551495656
 6796.0     8.80432768539199
 6797.0     8.80367999879933
 6798.0     8.803032455126
 6799.0     8.80238505431946
 6800.0     8.80173779632716
 6801.0     8.80109068109662
 6802.0     8.80044370857536
 6803.0     8.79979687871093
 6804.0     8.79915019145092
 6805.0     8.79850364674293
 6806.0     8.79785724453461
 6807.0     8.79721098477361
 6808.0     8.79656486740762
 6809.0     8.79591889238436
 6810.0     8.79527305965157
 6811.0     8.79462736915702
 6812.0     8.7939818208485
 6813.0     8.79333641467385
 6814.0     8.79269115058092
 6815.0     8.79204602851757
 6816.0     8.79140104843171
 6817.0     8.79075621027128
 6818.0     8.79011151398423
 6819.0     8.78946695951854
 6820.0     8.78882254682223
 6821.0     8.78817827584333
 6822.0     8.78753414652991
 6823.0     8.78689015883006
 6824.0     8.78624631269189
 6825.0     8.78560260806356
 6826.0     8.78495904489322
 6827.0     8.78431562312908
 6828.0     8.78367234271936
 6829.0     8.78302920361232
 6830.0     8.78238620575622
 6831.0     8.78174334909937
 6832.0     8.7811006335901
 6833.0     8.78045805917677
 6834.0     8.77981562580777
 6835.0     8.77917333343149
 6836.0     8.77853118199637
 6837.0     8.77788917145088
 6838.0     8.77724730174351
 6839.0     8.77660557282277
 6840.0     8.77596398463719
 6841.0     8.77532253713536
 6842.0     8.77468123026586
 6843.0     8.7740400639773
 6844.0     8.77339903821835
 6845.0     8.77275815293766
 6846.0     8.77211740808395
 6847.0     8.77147680360593
 6848.0     8.77083633945235
 6849.0     8.770196015572
 6850.0     8.76955583191367
 6851.0     8.7689157884262
 6852.0     8.76827588505844
 6853.0     8.76763612175927
 6854.0     8.76699649847761
 6855.0     8.76635701516238
 6856.0     8.76571767176254
 6857.0     8.76507846822709
 6858.0     8.76443940450504
 6859.0     8.76380048054541
 6860.0     8.76316169629728
 6861.0     8.76252305170974
 6862.0     8.76188454673191
 6863.0     8.76124618131292
 6864.0     8.76060795540194
 6865.0     8.75996986894817
 6866.0     8.75933192190083
 6867.0     8.75869411420916
 6868.0     8.75805644582244
 6869.0     8.75741891668996
 6870.0     8.75678152676105
 6871.0     8.75614427598505
 6872.0     8.75550716431135
 6873.0     8.75487019168933
 6874.0     8.75423335806844
 6875.0     8.75359666339811
 6876.0     8.75296010762783
 6877.0     8.75232369070711
 6878.0     8.75168741258546
 6879.0     8.75105127321246
 6880.0     8.75041527253767
 6881.0     8.7497794105107
 6882.0     8.74914368708119
 6883.0     8.7485081021988
 6884.0     8.7478726558132
 6885.0     8.7472373478741
 6886.0     8.74660217833125
 6887.0     8.7459671471344
 6888.0     8.74533225423333
 6889.0     8.74469749957786
 6890.0     8.74406288311782
 6891.0     8.74342840480308
 6892.0     8.74279406458352
 6893.0     8.74215986240905
 6894.0     8.74152579822962
 6895.0     8.74089187199519
 6896.0     8.74025808365574
 6897.0     8.73962443316129
 6898.0     8.73899092046189
 6899.0     8.73835754550759
 6900.0     8.73772430824849
 6901.0     8.7370912086347
 6902.0     8.73645824661636
 6903.0     8.73582542214365
 6904.0     8.73519273516674
 6905.0     8.73456018563587
 6906.0     8.73392777350126
 6907.0     8.7332954987132
 6908.0     8.73266336122196
 6909.0     8.73203136097788
 6910.0     8.73139949793128
 6911.0     8.73076777203255
 6912.0     8.73013618323207
 6913.0     8.72950473148026
 6914.0     8.72887341672756
 6915.0     8.72824223892445
 6916.0     8.72761119802142
 6917.0     8.72698029396897
 6918.0     8.72634952671767
 6919.0     8.72571889621808
 6920.0     8.72508840242079
 6921.0     8.72445804527642
 6922.0     8.72382782473561
 6923.0     8.72319774074904
 6924.0     8.72256779326739
 6925.0     8.72193798224139
 6926.0     8.72130830762177
 6927.0     8.72067876935931
 6928.0     8.7200493674048
 6929.0     8.71942010170906
 6930.0     8.71879097222293
 6931.0     8.71816197889727
 6932.0     8.71753312168299
 6933.0     8.71690440053099
 6934.0     8.71627581539222
 6935.0     8.71564736621765
 6936.0     8.71501905295827
 6937.0     8.71439087556509
 6938.0     8.71376283398915
 6939.0     8.71313492818153
 6940.0     8.71250715809331
 6941.0     8.7118795236756
 6942.0     8.71125202487955
 6943.0     8.71062466165632
 6944.0     8.70999743395709
 6945.0     8.70937034173309
 6946.0     8.70874338493556
 6947.0     8.70811656351574
 6948.0     8.70748987742493
 6949.0     8.70686332661445
 6950.0     8.70623691103562
 6951.0     8.70561063063982
 6952.0     8.70498448537842
 6953.0     8.70435847520283
 6954.0     8.70373260006449
 6955.0     8.70310685991486
 6956.0     8.70248125470541
 6957.0     8.70185578438767
 6958.0     8.70123044891315
 6959.0     8.70060524823342
 6960.0     8.69998018230006
 6961.0     8.69935525106467
 6962.0     8.69873045447888
 6963.0     8.69810579249434
 6964.0     8.69748126506273
 6965.0     8.69685687213576
 6966.0     8.69623261366514
 6967.0     8.69560848960264
 6968.0     8.69498449990003
 6969.0     8.6943606445091
 6970.0     8.69373692338167
 6971.0     8.69311333646961
 6972.0     8.69248988372477
 6973.0     8.69186656509906
 6974.0     8.69124338054439
 6975.0     8.6906203300127
 6976.0     8.68999741345598
 6977.0     8.6893746308262
 6978.0     8.68875198207538
 6979.0     8.68812946715558
 6980.0     8.68750708601884
 6981.0     8.68688483861726
 6982.0     8.68626272490295
 6983.0     8.68564074482805
 6984.0     8.68501889834471
 6985.0     8.68439718540513
 6986.0     8.68377560596151
 6987.0     8.68315415996609
 6988.0     8.68253284737111
 6989.0     8.68191166812887
 6990.0     8.68129062219166
 6991.0     8.68066970951181
 6992.0     8.68004893004167
 6993.0     8.67942828373363
 6994.0     8.67880777054008
 6995.0     8.67818739041344
 6996.0     8.67756714330616
