BRGeneva_z004_salp_00.K.fits            1.0000e+06     0.0037047      1.0000   
BRGeneva_z004_salp_02.K.fits            3.0000e+06     0.0037047      1.0000   
br04_z004_salp_ssp_gi_01.K.fits         3.9811e+06     0.0037047      0.9557   
br04_z004_salp_ssp_gi_04.K.fits         5.6230e+06     0.0037047      0.9431   
br04_z004_salp_ssp_gi_08.K.fits         8.9130e+06     0.0037047      0.9265   
br04_z004_salp_ssp_gi_09.K.fits         1.0000e+07     0.0037047      0.9224   
br04_z004_salp_ssp_gi_11.K.fits         1.2590e+07     0.0037047      0.9143   
br04_z004_salp_ssp_gi_12.K.fits         1.4130e+07     0.0037047      0.9102   
br04_z004_salp_ssp_gi_14.K.fits         1.7780e+07     0.0037047      0.9022   
br04_z004_salp_ssp_gi_15.K.fits         1.9950e+07     0.0037047      0.8982   
br04_z004_salp_ssp_gi_17.K.fits         2.5119e+07     0.0037047      0.8903   
br04_z004_salp_ssp_gi_19.K.fits         3.1620e+07     0.0037047      0.8824   
br04_z004_salp_ssp_gi_21.K.fits         3.9811e+07     0.0037047      0.8747   
br04_z004_salp_ssp_gi_24.K.fits         5.6230e+07     0.0037047      0.8631   
br04_z004_salp_ssp_gi_25.K.fits         6.3000e+07     0.0037047      0.8596   
BRGeneva_z008_salp_00.K.fits            1.0000e+06     0.0075640      1.0000   
BRGeneva_z008_salp_02.K.fits            3.0000e+06     0.0075640      1.0000   
br04_z008_salp_ssp_gi_01.K.fits         3.9811e+06     0.0075640      0.9557   
br04_z008_salp_ssp_gi_04.K.fits         5.6230e+06     0.0075640      0.9431   
br04_z008_salp_ssp_gi_08.K.fits         8.9130e+06     0.0075640      0.9265   
br04_z008_salp_ssp_gi_09.K.fits         1.0000e+07     0.0075640      0.9224   
br04_z008_salp_ssp_gi_11.K.fits         1.2590e+07     0.0075640      0.9143   
br04_z008_salp_ssp_gi_12.K.fits         1.4130e+07     0.0075640      0.9102   
br04_z008_salp_ssp_gi_14.K.fits         1.7780e+07     0.0075640      0.9022   
br04_z008_salp_ssp_gi_15.K.fits         1.9950e+07     0.0075640      0.8982   
br04_z008_salp_ssp_gi_17.K.fits         2.5119e+07     0.0075640      0.8903   
br04_z008_salp_ssp_gi_19.K.fits         3.1620e+07     0.0075640      0.8824   
br04_z008_salp_ssp_gi_21.K.fits         3.9811e+07     0.0075640      0.8747   
br04_z008_salp_ssp_gi_24.K.fits         5.6230e+07     0.0075640      0.8631   
br04_z008_salp_ssp_gi_25.K.fits         6.3000e+07     0.0075640      0.8578   
BRGeneva_z020_salp_00.K.fits            1.0000e+06     0.0190000      1.0000   
BRGeneva_z020_salp_02.K.fits            3.0000e+06     0.0190000      1.0000   
br04_z019_salp_ssp_gi_01.K.fits         3.9811e+06     0.0190000      0.9557   
br04_z019_salp_ssp_gi_04.K.fits         5.6230e+06     0.0190000      0.9431   
br04_z019_salp_ssp_gi_08.K.fits         8.9130e+06     0.0190000      0.9265   
br04_z019_salp_ssp_gi_09.K.fits         1.0000e+07     0.0190000      0.9224   
br04_z019_salp_ssp_gi_11.K.fits         1.2590e+07     0.0190000      0.9143   
br04_z019_salp_ssp_gi_12.K.fits         1.4130e+07     0.0190000      0.9102   
br04_z019_salp_ssp_gi_14.K.fits         1.7780e+07     0.0190000      0.9022   
br04_z019_salp_ssp_gi_15.K.fits         1.9950e+07     0.0190000      0.8982   
br04_z019_salp_ssp_gi_17.K.fits         2.5119e+07     0.0190000      0.8903   
br04_z019_salp_ssp_gi_19.K.fits         3.1620e+07     0.0190000      0.8824   
br04_z019_salp_ssp_gi_21.K.fits         3.9811e+07     0.0190000      0.8747   
br04_z019_salp_ssp_gi_24.K.fits         5.6230e+07     0.0190000      0.8631   
br04_z019_salp_ssp_gi_25.K.fits         6.3000e+07     0.0190000      0.8615   
BRGeneva_z040_salp_00.K.fits            1.0000e+06     0.0315321      1.0000   
BRGeneva_z040_salp_02.K.fits            3.0000e+06     0.0315321      1.0000   
br04_z030_salp_ssp_gi_01.K.fits         3.9811e+06     0.0315321      0.9557   
br04_z030_salp_ssp_gi_04.K.fits         5.6230e+06     0.0315321      0.9431   
br04_z030_salp_ssp_gi_08.K.fits         8.9130e+06     0.0315321      0.9265   
br04_z030_salp_ssp_gi_09.K.fits         1.0000e+07     0.0315321      0.9224   
br04_z030_salp_ssp_gi_11.K.fits         1.2590e+07     0.0315321      0.9143   
br04_z030_salp_ssp_gi_12.K.fits         1.4130e+07     0.0315321      0.9102   
br04_z030_salp_ssp_gi_14.K.fits         1.7780e+07     0.0315321      0.9022   
br04_z030_salp_ssp_gi_15.K.fits         1.9950e+07     0.0315321      0.8982   
br04_z030_salp_ssp_gi_17.K.fits         2.5119e+07     0.0315321      0.8903   
br04_z030_salp_ssp_gi_19.K.fits         3.1620e+07     0.0315321      0.8824   
br04_z030_salp_ssp_gi_21.K.fits         3.9811e+07     0.0315321      0.8747   
br04_z030_salp_ssp_gi_24.K.fits         5.6230e+07     0.0315321      0.8631   
br04_z030_salp_ssp_gi_25.K.fits         6.3000e+07     0.0315321      0.8591   
Mun1.30Zm0.71T00.0794.K.fits            00.0794e9    0.0037047  0.8508 
Mun1.30Zm0.71T00.1000.K.fits            00.1000e9    0.0037047  0.8421 
Mun1.30Zm0.71T00.1995.K.fits            00.1995e9    0.0037047  0.8150 
Mun1.30Zm0.71T00.3162.K.fits            00.3162e9    0.0037047  0.7974 
Mun1.30Zm0.71T00.5012.K.fits            00.5012e9    0.0037047  0.7804 
Mun1.30Zm0.71T00.7943.K.fits            00.7943e9    0.0037047  0.7645 
Mun1.30Zm0.71T01.2589.K.fits            01.2589e9    0.0037047  0.7493 
Mun1.30Zm0.71T01.9953.K.fits            01.9953e9    0.0037047  0.7336 
Mun1.30Zm0.71T03.1623.K.fits            03.1623e9    0.0037047  0.7209 
Mun1.30Zm0.71T05.0119.K.fits            05.0119e9    0.0037047  0.7102 
Mun1.30Zm0.71T07.9433.K.fits            07.9433e9    0.0037047  0.7007 
Mun1.30Zm0.71T12.5893.K.fits            12.5893e9    0.0037047  0.6916 
Mun1.30Zm0.71T14.1254.K.fits            14.1254e9    0.0037047  0.6856 
Mun1.30Zm0.40T00.0794.K.fits            00.0794e9    0.0075640  0.8491 
Mun1.30Zm0.40T00.1000.K.fits            00.1000e9    0.0075640  0.8403 
Mun1.30Zm0.40T00.1995.K.fits            00.1995e9    0.0075640  0.8130 
Mun1.30Zm0.40T00.3162.K.fits            00.3162e9    0.0075640  0.7948 
Mun1.30Zm0.40T00.5012.K.fits            00.5012e9    0.0075640  0.7778 
Mun1.30Zm0.40T00.7943.K.fits            00.7943e9    0.0075640  0.7618 
Mun1.30Zm0.40T01.2589.K.fits            01.2589e9    0.0075640  0.7459 
Mun1.30Zm0.40T01.9953.K.fits            01.9953e9    0.0075640  0.7314 
Mun1.30Zm0.40T03.1623.K.fits            03.1623e9    0.0075640  0.7197 
Mun1.30Zm0.40T05.0119.K.fits            05.0119e9    0.0075640  0.7088 
Mun1.30Zm0.40T07.9433.K.fits            07.9433e9    0.0075640  0.6997 
Mun1.30Zm0.40T12.5893.K.fits            12.5893e9    0.0075640  0.6894 
Mun1.30Zm0.40T14.1254.K.fits            14.1254e9    0.0075640  0.6834 
Mun1.30Zp0.00T00.0794.K.fits            00.0794e9    0.0190000  0.8540 
Mun1.30Zp0.00T00.1000.K.fits            00.1000e9    0.0190000  0.8469 
Mun1.30Zp0.00T00.1995.K.fits            00.1995e9    0.0190000  0.8254 
Mun1.30Zp0.00T00.3162.K.fits            00.3162e9    0.0190000  0.8122 
Mun1.30Zp0.00T00.5012.K.fits            00.5012e9    0.0190000  0.7994 
Mun1.30Zp0.00T00.7943.K.fits            00.7943e9    0.0190000  0.7863 
Mun1.30Zp0.00T01.2589.K.fits            01.2589e9    0.0190000  0.7724 
Mun1.30Zp0.00T01.9953.K.fits            01.9953e9    0.0190000  0.7550 
Mun1.30Zp0.00T03.1623.K.fits            03.1623e9    0.0190000  0.7428 
Mun1.30Zp0.00T05.0119.K.fits            05.0119e9    0.0190000  0.7319 
Mun1.30Zp0.00T07.9433.K.fits            07.9433e9    0.0190000  0.7233 
Mun1.30Zp0.00T12.5893.K.fits            12.5893e9    0.0190000  0.7155 
Mun1.30Zp0.00T14.1254.K.fits            14.1254e9    0.0190000  0.7136 
Mun1.30Zp0.22T00.0794.K.fits            00.0794e9    0.0315321  0.8522 
Mun1.30Zp0.22T00.1000.K.fits            00.1000e9    0.0315321  0.8453 
Mun1.30Zp0.22T00.1995.K.fits            00.1995e9    0.0315321  0.8247 
Mun1.30Zp0.22T00.3162.K.fits            00.3162e9    0.0315321  0.8116 
Mun1.30Zp0.22T00.5012.K.fits            00.5012e9    0.0315321  0.7993 
Mun1.30Zp0.22T00.7943.K.fits            00.7943e9    0.0315321  0.7865 
Mun1.30Zp0.22T01.2589.K.fits            01.2589e9    0.0315321  0.7733 
Mun1.30Zp0.22T01.9953.K.fits            01.9953e9    0.0315321  0.7561 
Mun1.30Zp0.22T03.1623.K.fits            03.1623e9    0.0315321  0.7439 
Mun1.30Zp0.22T05.0119.K.fits            05.0119e9    0.0315321  0.7330 
Mun1.30Zp0.22T07.9433.K.fits            07.9433e9    0.0315321  0.7239 
Mun1.30Zp0.22T12.5893.K.fits            12.5893e9    0.0315321  0.7159 
Mun1.30Zp0.22T14.1254.K.fits            14.1254e9    0.0315321  0.7140 
