5730.00  6.19066e-04
5716.00  5.81080e-04
5717.00  6.07878e-04
5718.00  5.93369e-04
5719.00  5.51636e-04
5720.00  6.18918e-04
5721.00  2.11862e-04
5722.00  5.94287e-04
5723.00  6.04205e-04
5724.00  6.02212e-04
5725.00  6.12734e-04
5726.00  5.68962e-04
5727.00  3.04935e-04
5728.00  6.09707e-04
5729.00  5.91740e-04
5730.00  6.19066e-04
5731.00  5.77048e-04
5732.00  5.79696e-04
5733.00  5.99396e-04
5734.00  5.05489e-04
5735.00  5.93071e-04
5736.00  6.06323e-04
5737.00  4.94969e-04
5738.00  6.10332e-04
5739.00  5.69606e-04
5740.00  3.70364e-04
5741.00  5.98375e-04
5742.00  5.86680e-04
5743.00  5.27327e-04
5744.00  5.78364e-04
5745.00  5.87387e-04
5746.00  5.84952e-04
5747.00  5.81193e-04
5748.00  4.38838e-04
5749.00  5.80832e-04
5750.00  5.87107e-04
5751.00  5.99366e-04
5752.00  2.83480e-04
5753.00  5.76725e-04
5754.00  4.81902e-04
5755.00  6.11943e-04
5756.00  6.12819e-04
5757.00  5.72202e-04
5758.00  6.06546e-04
5759.00  6.15330e-04
5760.00  4.64047e-04
5761.00  5.74249e-04
5762.00  5.81759e-04
5763.00  1.20260e-04
5764.00  6.09326e-04
5765.00  5.77572e-04
5766.00  5.88291e-04
5767.00  6.03699e-04
5768.00  5.51171e-04
5769.00  5.41521e-04
5770.00  5.65477e-04
5771.00  5.72572e-04
5772.00  5.64859e-04
5773.00  5.84268e-04
5774.00  3.55981e-04
5775.00  4.78680e-04
5776.00  5.64970e-04
5777.00  6.07962e-04
5778.00  5.80322e-04
5779.00  6.06006e-04
5780.00  5.81535e-04
5781.00  5.72393e-04
5782.00  5.80140e-04
5783.00  4.85705e-04
5784.00  5.63551e-04
5785.00  3.18163e-04
5786.00  3.21727e-04
5787.00  4.63116e-04
5788.00  4.70954e-04
5789.00  2.71078e-04
5790.00  5.76797e-04
5791.00  1.62262e-04
5792.00  5.58756e-04
5793.00  4.26054e-04
5794.00  5.60087e-04
5795.00  3.03896e-04
5796.00  5.65147e-04
5797.00  6.21761e-04
5798.00  5.89001e-04
5799.00  5.51379e-04
5800.00  5.95587e-04
5801.00  5.84688e-04
5802.00  5.95113e-04
5803.00  5.88523e-04
5804.00  3.29491e-04
5805.00  5.58908e-04
5806.00  5.75053e-04
5807.00  5.88133e-04
5808.00  5.52395e-04
5809.00  5.76845e-04
5810.00  5.70300e-04
5811.00  5.61092e-04
5812.00  5.67312e-04
5813.00  4.84168e-04
5814.00  4.96593e-04
5815.00  5.90191e-04
5816.00  4.63104e-04
5817.00  5.24191e-04
5818.00  5.74787e-04
5819.00  5.91898e-04
5820.00  5.58543e-04
5821.00  5.55522e-04
5822.00  5.83217e-04
5823.00  5.30654e-04
5824.00  5.65870e-04
5825.00  5.48323e-04
5826.00  5.50558e-04
5827.00  5.82255e-04
5828.00  5.75914e-04
5829.00  5.57847e-04
5830.00  5.80633e-04
5831.00  5.49918e-04
5832.00  5.27684e-04
5833.00  5.41320e-04
5834.00  2.91117e-04
5835.00  5.49404e-04
5836.00  6.10254e-04
5837.00  5.12439e-04
5838.00  3.31399e-04
5839.00  5.66763e-04
5840.00  5.43765e-04
5841.00  5.58890e-04
5842.00  5.39284e-04
5843.00  5.40966e-04
5844.00  5.55471e-04
5845.00  5.39021e-04
5846.00  5.04198e-04
5847.00  2.98484e-04
5848.00  5.05514e-04
5849.00  4.20945e-04
5850.00  5.73038e-04
5851.00  5.90884e-04
5852.00  5.51974e-04
5853.00  5.58463e-04
5854.00  5.70836e-04
5855.00  5.21291e-04
5856.00  5.17419e-04
5857.00  5.67831e-04
5858.00  5.47351e-04
5859.00  6.04036e-04
5860.00  5.44022e-04
5861.00  5.49885e-04
5862.00  5.79074e-04
5863.00  5.57131e-04
5864.00  5.31276e-04
5865.00  5.24586e-04
5866.00  4.26757e-04
5867.00  5.84712e-04
5868.00  5.62440e-04
5869.00  5.70021e-04
5870.00  5.55686e-04
5871.00  5.53023e-04
5872.00  5.50960e-04
5873.00  5.23548e-04
5874.00  5.33141e-04
5875.00  5.51752e-04
5876.00  5.69934e-04
5877.00  5.49828e-04
5878.00  5.31620e-04
5879.00  5.32537e-04
5880.00  4.29040e-04
5881.00  5.37533e-04
5882.00  5.62687e-04
5883.00  5.31330e-04
5884.00  5.26306e-04
5885.00  4.69726e-04
5886.00  5.54255e-04
5887.00  5.54310e-04
5888.00  5.28817e-04
5889.00  5.08927e-04
5890.00  6.69118e-05
5891.00  5.11773e-04
5892.00  5.33804e-04
5893.00  5.29813e-04
5894.00  5.38985e-04
5895.00  5.28206e-04
5896.00  7.35387e-05
5897.00  5.25190e-04
5898.00  4.73912e-04
5899.00  5.21328e-04
5900.00  5.24992e-04
5901.00  5.28899e-04
5902.00  5.28203e-04
5903.00  5.39036e-04
5904.00  4.62870e-04
5905.00  5.12314e-04
5906.00  5.73338e-04
5907.00  5.12006e-04
5908.00  5.30364e-04
5909.00  5.32135e-04
5910.00  2.43928e-04
5911.00  5.29042e-04
5912.00  3.18379e-04
5913.00  5.33805e-04
5914.00  5.18128e-04
5915.00  5.33861e-04
5916.00  4.96613e-04
5917.00  5.35581e-04
5918.00  5.21236e-04
5919.00  5.21146e-04
5920.00  5.24367e-04
5921.00  5.34979e-04
5922.00  5.13039e-04
5923.00  5.15318e-04
5924.00  4.90432e-04
5925.00  4.86661e-04
5926.00  5.39713e-04
5927.00  5.28533e-04
5928.00  5.20408e-04
5929.00  5.33292e-04
5930.00  5.44286e-04
5931.00  4.89262e-04
5932.00  5.36496e-04
5933.00  5.33035e-04
5934.00  5.40640e-04
5935.00  4.98690e-04
5936.00  5.26749e-04
5937.00  5.33480e-04
5938.00  5.16922e-04
5939.00  5.32235e-04
5940.00  5.25446e-04
5941.00  3.58041e-04
5942.00  5.35694e-04
5943.00  5.05404e-04
5944.00  5.15537e-04
5945.00  5.22211e-04
5946.00  5.15406e-04
5947.00  5.15134e-04
5948.00  5.31761e-04
5949.00  5.35194e-04
5950.00  5.16440e-04
5951.00  5.27769e-04
5952.00  5.12304e-04
5953.00  5.16776e-04
5954.00  5.52410e-04
5955.00  5.19989e-04
5956.00  5.18803e-04
5957.00  5.13329e-04
5958.00  5.22708e-04
5959.00  5.13825e-04
5960.00  5.14971e-04
5961.00  5.16617e-04
5962.00  5.42130e-04
5963.00  5.11575e-04
5964.00  5.25102e-04
5965.00  5.11506e-04
5966.00  3.77404e-04
5967.00  4.94214e-04
5968.00  5.18219e-04
5969.00  5.58849e-04
5970.00  5.10353e-04
5971.00  5.29248e-04
5972.00  5.31134e-04
5973.00  5.52224e-04
5974.00  5.34717e-04
5975.00  5.11734e-04
5976.00  5.51153e-04
5977.00  5.15476e-04
5978.00  5.22587e-04
5979.00  4.74159e-04
5980.00  5.29631e-04
5981.00  5.30749e-04
5982.00  4.93111e-04
5983.00  5.19917e-04
5984.00  5.59275e-04
5985.00  5.31570e-04
5986.00  5.26367e-04
5987.00  2.95215e-04
5988.00  5.22666e-04
5989.00  4.94362e-04
5990.00  5.14941e-04
5991.00  3.74042e-04
5992.00  5.15109e-04
5993.00  5.15493e-04
5994.00  5.01247e-04
5995.00  5.04639e-04
5996.00  3.94376e-04
5997.00  5.11833e-04
5998.00  4.59041e-04
5999.00  4.20030e-04
6000.00  5.18818e-04
6001.00  5.06035e-04
6002.00  5.28773e-04
6003.00  1.40819e-04
6004.00  4.80390e-04
6005.00  4.99012e-04
6006.00  5.43245e-04
6007.00  5.37857e-04
6008.00  2.04074e-04
6009.00  5.88841e-04
6010.00  5.27530e-04
6011.00  5.37088e-04
6012.00  5.11806e-04
6013.00  5.18279e-04
6014.00  5.34068e-04
6015.00  5.05602e-04
6016.00  5.28799e-04
6017.00  4.80157e-04
6018.00  5.17267e-04
6019.00  5.05059e-04
6020.00  5.20424e-04
6021.00  5.37793e-04
6022.00  5.26727e-04
6023.00  5.16394e-04
6024.00  1.68320e-04
6025.00  5.32039e-04
6026.00  5.34033e-04
6027.00  2.18237e-04
6028.00  5.41017e-04
6029.00  4.47573e-04
6030.00  5.30858e-04
6031.00  5.14476e-04
6032.00  5.06175e-04
6033.00  5.21393e-04
6034.00  4.58504e-04
6035.00  5.07225e-04
6036.00  5.35779e-04
6037.00  4.60020e-04
6038.00  5.34810e-04
6039.00  5.36748e-04
6040.00  5.13285e-04
6041.00  5.13169e-04
6042.00  4.25409e-04
6043.00  5.24297e-04
6044.00  5.23144e-04
6045.00  5.37718e-04
6046.00  4.83877e-04
6047.00  5.37489e-04
6048.00  5.34717e-04
6049.00  5.35620e-04
6050.00  5.26346e-04
6051.00  5.36919e-04
6052.00  5.27445e-04
6053.00  5.26475e-04
6054.00  4.92852e-04
6055.00  5.22145e-04
6056.00  1.63997e-04
6057.00  5.30942e-04
6058.00  5.19519e-04
6059.00  5.07778e-04
6060.00  5.36790e-04
6061.00  5.06734e-04
6062.00  5.21276e-04
6063.00  4.60436e-04
6064.00  5.48616e-04
6065.00  5.27894e-04
6066.00  5.26101e-04
6067.00  5.13442e-04
6068.00  5.03854e-04
6069.00  5.61196e-04
6070.00  5.25266e-04
6071.00  5.42583e-04
6072.00  5.18932e-04
6073.00  5.50474e-04
6074.00  5.09385e-04
6075.00  5.24147e-04
6076.00  5.26444e-04
6077.00  5.01729e-04
6078.00  5.31255e-04
6079.00  1.70742e-04
6080.00  4.44987e-04
6081.00  5.24488e-04
6082.00  5.71731e-04
6083.00  5.25816e-04
6084.00  5.24810e-04
6085.00  5.16746e-04
6086.00  5.27993e-04
6087.00  5.06914e-04
6088.00  5.23381e-04
6089.00  5.39527e-04
6090.00  5.08784e-04
6091.00  5.13552e-04
6092.00  4.74035e-04
6093.00  5.69056e-04
6094.00  5.12211e-04
6095.00  5.53910e-04
6096.00  5.18627e-04
6097.00  5.47125e-04
6098.00  5.94965e-04
6099.00  5.11182e-04
6100.00  5.27555e-04
6101.00  5.04514e-04
6102.00  5.54029e-04
6103.00  5.13716e-04
6104.00  4.23713e-04
6105.00  5.13371e-04
6106.00  5.21059e-04
6107.00  5.13841e-04
6108.00  4.99784e-04
6109.00  5.64155e-04
6110.00  5.34849e-04
6111.00  4.48570e-04
6112.00  5.32225e-04
6113.00  4.66066e-04
6114.00  5.33583e-04
6115.00  5.32569e-04
6116.00  5.08124e-04
6117.00  3.78183e-04
6118.00  5.45677e-04
6119.00  5.55698e-04
6120.00  5.26061e-04
6121.00  3.62362e-04
6122.00  4.96006e-04
6123.00  5.36406e-04
6124.00  5.32876e-04
6125.00  2.57447e-04
6126.00  5.79315e-04
6127.00  5.48389e-04
6128.00  4.72691e-04
6129.00  2.99896e-04
6130.00  5.44552e-04
6131.00  5.30188e-04
6132.00  5.39447e-04
6133.00  5.54881e-04
6134.00  5.03050e-04
6135.00  4.94326e-04
6136.00  5.28322e-04
6137.00  1.40286e-04
6138.00  5.43055e-04
6139.00  5.35218e-04
6140.00  5.42860e-04
6141.00  5.30876e-04
6142.00  5.07658e-04
6143.00  5.10474e-04
6144.00  5.32557e-04
6145.00  2.30133e-04
6146.00  5.24163e-04
6147.00  5.59162e-04
6148.00  5.30030e-04
6149.00  5.53820e-04
6150.00  5.22702e-04
6151.00  5.34260e-04
6152.00  5.57084e-04
6153.00  5.28661e-04
6154.00  5.14017e-04
6155.00  4.92232e-04
6156.00  3.27944e-04
6157.00  5.37792e-04
6158.00  5.06803e-04
6159.00  4.98376e-04
6160.00  5.11487e-04
6161.00  5.15320e-04
6162.00  4.50735e-04
6163.00  4.98525e-04
6164.00  4.99318e-04
6165.00  5.05595e-04
6166.00  4.65910e-04
6167.00  4.98536e-04
6168.00  5.17578e-04
6169.00  1.30106e-04
6170.00  5.03414e-04
6171.00  4.36836e-04
6172.00  4.88843e-04
6173.00  4.91436e-04
6174.00  5.40028e-04
6175.00  4.92942e-04
6176.00  5.02775e-04
6177.00  5.13816e-04
6178.00  5.31888e-04
6179.00  5.31223e-04
6180.00  4.41113e-04
6181.00  4.82870e-04
6182.00  5.14996e-04
6183.00  5.57529e-04
6184.00  5.29293e-04
6185.00  5.38741e-04
6186.00  5.06621e-04
6187.00  4.83039e-04
6188.00  2.11456e-04
6189.00  3.49776e-04
6190.00  4.93111e-04
6191.00  5.21484e-04
6192.00  5.00359e-04
6193.00  4.76521e-04
6194.00  4.90153e-04
6195.00  4.92042e-04
6196.00  4.84419e-04
6197.00  4.71305e-04
6198.00  5.25487e-04
6199.00  4.98251e-04
6200.00  5.07696e-04
6201.00  5.32888e-04
6202.00  5.21460e-04
6203.00  5.11431e-04
6204.00  4.91852e-04
6205.00  4.87225e-04
6206.00  4.89964e-04
6207.00  5.20190e-04
6208.00  4.90712e-04
6209.00  4.81930e-04
6210.00  5.27586e-04
6211.00  4.86905e-04
6212.00  4.82413e-04
6213.00  4.86981e-04
6214.00  4.82443e-04
6215.00  4.63108e-04
