5730.00  6.76892e-04
5716.00  6.67763e-04
5717.00  6.80501e-04
5718.00  6.73164e-04
5719.00  6.05102e-04
5720.00  6.85887e-04
5721.00  3.08978e-04
5722.00  6.71601e-04
5723.00  6.74125e-04
5724.00  6.77694e-04
5725.00  6.80636e-04
5726.00  6.45795e-04
5727.00  3.05560e-04
5728.00  6.81282e-04
5729.00  6.61751e-04
5730.00  6.76892e-04
5731.00  6.60369e-04
5732.00  6.49673e-04
5733.00  6.72744e-04
5734.00  5.32930e-04
5735.00  6.68281e-04
5736.00  6.73891e-04
5737.00  5.02955e-04
5738.00  6.77681e-04
5739.00  6.40996e-04
5740.00  4.35348e-04
5741.00  6.62047e-04
5742.00  6.68265e-04
5743.00  5.72203e-04
5744.00  6.18725e-04
5745.00  6.58264e-04
5746.00  6.55393e-04
5747.00  6.65123e-04
5748.00  4.64487e-04
5749.00  6.21106e-04
5750.00  6.44154e-04
5751.00  6.71333e-04
5752.00  2.97179e-04
5753.00  6.47893e-04
5754.00  6.02354e-04
5755.00  6.80080e-04
5756.00  6.76384e-04
5757.00  6.58027e-04
5758.00  6.77130e-04
5759.00  6.75906e-04
5760.00  5.36857e-04
5761.00  6.34425e-04
5762.00  6.61835e-04
5763.00  1.25761e-04
5764.00  6.75676e-04
5765.00  6.61515e-04
5766.00  6.64712e-04
5767.00  6.74436e-04
5768.00  6.23585e-04
5769.00  6.12607e-04
5770.00  6.40246e-04
5771.00  6.53943e-04
5772.00  6.38455e-04
5773.00  6.64803e-04
5774.00  4.60762e-04
5775.00  5.28600e-04
5776.00  6.34173e-04
5777.00  6.75480e-04
5778.00  6.61369e-04
5779.00  6.74830e-04
5780.00  6.62010e-04
5781.00  6.55682e-04
5782.00  6.51968e-04
5783.00  5.25075e-04
5784.00  6.33918e-04
5785.00  3.27505e-04
5786.00  4.18489e-04
5787.00  4.90236e-04
5788.00  5.09976e-04
5789.00  4.11168e-04
5790.00  6.51642e-04
5791.00  1.66271e-04
5792.00  6.50507e-04
5793.00  5.40646e-04
5794.00  6.16856e-04
5795.00  4.41596e-04
5796.00  6.25013e-04
5797.00  6.82604e-04
5798.00  6.34009e-04
5799.00  6.37203e-04
5800.00  6.67359e-04
5801.00  6.62768e-04
5802.00  6.65447e-04
5803.00  6.53860e-04
5804.00  3.40555e-04
5805.00  6.42012e-04
5806.00  6.51394e-04
5807.00  6.55730e-04
5808.00  6.03325e-04
5809.00  6.59708e-04
5810.00  6.46576e-04
5811.00  6.27427e-04
5812.00  6.43869e-04
5813.00  5.96684e-04
5814.00  5.59894e-04
5815.00  6.58157e-04
5816.00  5.06214e-04
5817.00  5.93703e-04
5818.00  6.56656e-04
5819.00  6.66195e-04
5820.00  6.36290e-04
5821.00  6.37671e-04
5822.00  6.55923e-04
5823.00  6.01213e-04
5824.00  6.51799e-04
5825.00  6.34943e-04
5826.00  6.41031e-04
5827.00  6.60128e-04
5828.00  6.57322e-04
5829.00  6.47481e-04
5830.00  6.49636e-04
5831.00  6.28886e-04
5832.00  6.21578e-04
5833.00  6.32474e-04
5834.00  3.11273e-04
5835.00  6.41049e-04
5836.00  6.73641e-04
5837.00  6.19951e-04
5838.00  4.35569e-04
5839.00  6.28814e-04
5840.00  6.36957e-04
5841.00  6.44436e-04
5842.00  6.25829e-04
5843.00  6.38163e-04
5844.00  6.45179e-04
5845.00  6.29478e-04
5846.00  5.55778e-04
5847.00  3.04146e-04
5848.00  5.60238e-04
5849.00  5.42765e-04
5850.00  6.53621e-04
5851.00  6.59902e-04
5852.00  6.38202e-04
5853.00  6.44970e-04
5854.00  6.50908e-04
5855.00  5.90302e-04
5856.00  5.78326e-04
5857.00  6.38461e-04
5858.00  6.36604e-04
5859.00  6.67154e-04
5860.00  6.21280e-04
5861.00  6.29864e-04
5862.00  6.43914e-04
5863.00  6.44613e-04
5864.00  6.02260e-04
5865.00  6.05570e-04
5866.00  5.64359e-04
5867.00  6.47073e-04
5868.00  6.43258e-04
5869.00  6.51298e-04
5870.00  6.30769e-04
5871.00  6.38211e-04
5872.00  6.39433e-04
5873.00  6.00175e-04
5874.00  5.99118e-04
5875.00  6.38954e-04
5876.00  6.45563e-04
5877.00  6.37720e-04
5878.00  6.04621e-04
5879.00  6.15258e-04
5880.00  4.71518e-04
5881.00  6.23510e-04
5882.00  6.45079e-04
5883.00  6.15023e-04
5884.00  6.12923e-04
5885.00  5.39641e-04
5886.00  6.37330e-04
5887.00  6.31837e-04
5888.00  6.01009e-04
5889.00  5.75676e-04
5890.00  6.69118e-05
5891.00  5.75170e-04
5892.00  6.16719e-04
5893.00  6.13732e-04
5894.00  6.20594e-04
5895.00  5.83101e-04
5896.00  7.35387e-05
5897.00  6.04910e-04
5898.00  5.86733e-04
5899.00  5.99337e-04
5900.00  6.18568e-04
5901.00  6.19803e-04
5902.00  6.21121e-04
5903.00  6.30394e-04
5904.00  5.79733e-04
5905.00  5.76736e-04
5906.00  6.48406e-04
5907.00  5.91301e-04
5908.00  6.17405e-04
5909.00  6.24934e-04
5910.00  2.69971e-04
5911.00  6.24037e-04
5912.00  4.53846e-04
5913.00  6.23189e-04
5914.00  5.95583e-04
5915.00  6.26157e-04
5916.00  5.62264e-04
5917.00  6.27839e-04
5918.00  6.06335e-04
5919.00  6.00314e-04
5920.00  5.93968e-04
5921.00  6.18025e-04
5922.00  6.01695e-04
5923.00  6.00720e-04
5924.00  5.68724e-04
5925.00  5.71649e-04
5926.00  6.22769e-04
5927.00  6.18508e-04
5928.00  6.14372e-04
5929.00  6.07222e-04
5930.00  6.31072e-04
5931.00  5.98489e-04
5932.00  6.02003e-04
5933.00  6.25736e-04
5934.00  6.27768e-04
5935.00  5.75413e-04
5936.00  6.13175e-04
5937.00  6.15380e-04
5938.00  6.07643e-04
5939.00  6.18020e-04
5940.00  6.20215e-04
5941.00  3.82033e-04
5942.00  6.24314e-04
5943.00  5.88791e-04
5944.00  6.05266e-04
5945.00  6.16519e-04
5946.00  6.06512e-04
5947.00  6.07244e-04
5948.00  6.23822e-04
5949.00  6.26971e-04
5950.00  6.12634e-04
5951.00  6.21064e-04
5952.00  6.07348e-04
5953.00  6.11928e-04
5954.00  6.32738e-04
5955.00  6.13714e-04
5956.00  5.96942e-04
5957.00  5.89902e-04
5958.00  6.16787e-04
5959.00  6.05309e-04
5960.00  6.02172e-04
5961.00  6.08446e-04
5962.00  6.27884e-04
5963.00  5.92438e-04
5964.00  6.14186e-04
5965.00  5.98838e-04
5966.00  4.17228e-04
5967.00  5.64400e-04
5968.00  6.10947e-04
5969.00  6.38314e-04
5970.00  5.99820e-04
5971.00  6.20470e-04
5972.00  6.22327e-04
5973.00  5.98136e-04
5974.00  6.23980e-04
5975.00  6.02802e-04
5976.00  6.29491e-04
5977.00  6.09216e-04
5978.00  5.99778e-04
5979.00  5.59266e-04
5980.00  6.21205e-04
5981.00  6.20318e-04
5982.00  5.52293e-04
5983.00  6.13350e-04
5984.00  6.33474e-04
5985.00  6.19268e-04
5986.00  6.18391e-04
5987.00  3.18981e-04
5988.00  6.15788e-04
5989.00  5.80380e-04
5990.00  6.08961e-04
5991.00  3.83019e-04
5992.00  5.98883e-04
5993.00  5.94211e-04
5994.00  5.75968e-04
5995.00  5.95709e-04
5996.00  4.58025e-04
5997.00  6.05078e-04
5998.00  5.76242e-04
5999.00  4.97051e-04
6000.00  6.10627e-04
6001.00  5.90996e-04
6002.00  6.16597e-04
6003.00  1.47242e-04
6004.00  5.48588e-04
6005.00  5.44758e-04
6006.00  6.19751e-04
6007.00  6.21863e-04
6008.00  2.18593e-04
6009.00  6.48007e-04
6010.00  6.18433e-04
6011.00  6.23416e-04
6012.00  6.06104e-04
6013.00  6.09509e-04
6014.00  6.15795e-04
6015.00  5.94404e-04
6016.00  5.95729e-04
6017.00  5.52136e-04
6018.00  6.06967e-04
6019.00  5.97204e-04
6020.00  6.09028e-04
6021.00  6.19706e-04
6022.00  6.15452e-04
6023.00  5.86503e-04
6024.00  1.80568e-04
6025.00  6.17274e-04
6026.00  6.19708e-04
6027.00  2.30280e-04
6028.00  6.24322e-04
6029.00  4.96080e-04
6030.00  6.19336e-04
6031.00  5.90091e-04
6032.00  5.98680e-04
6033.00  6.11846e-04
6034.00  5.15610e-04
6035.00  5.93739e-04
6036.00  6.17022e-04
6037.00  5.75739e-04
6038.00  6.19736e-04
6039.00  6.19430e-04
6040.00  6.06308e-04
6041.00  6.01516e-04
6042.00  4.78994e-04
6043.00  6.14788e-04
6044.00  6.07658e-04
6045.00  6.18695e-04
6046.00  5.72401e-04
6047.00  5.95476e-04
6048.00  6.15800e-04
6049.00  6.17088e-04
6050.00  6.10920e-04
6051.00  6.11030e-04
6052.00  6.14857e-04
6053.00  6.01595e-04
6054.00  5.76738e-04
6055.00  6.09844e-04
6056.00  1.73687e-04
6057.00  6.10888e-04
6058.00  6.10031e-04
6059.00  5.98208e-04
6060.00  6.18402e-04
6061.00  5.97347e-04
6062.00  6.11342e-04
6063.00  5.29594e-04
6064.00  6.26832e-04
6065.00  6.14508e-04
6066.00  6.08315e-04
6067.00  6.06414e-04
6068.00  5.91915e-04
6069.00  6.32000e-04
6070.00  5.92682e-04
6071.00  6.23420e-04
6072.00  6.03988e-04
6073.00  6.23801e-04
6074.00  5.94197e-04
6075.00  5.97175e-04
6076.00  6.12429e-04
6077.00  6.00743e-04
6078.00  6.00614e-04
6079.00  1.78993e-04
6080.00  5.60547e-04
6081.00  6.09993e-04
6082.00  6.36609e-04
6083.00  6.12879e-04
6084.00  6.04035e-04
6085.00  6.04467e-04
6086.00  6.13277e-04
6087.00  5.81513e-04
6088.00  6.09592e-04
6089.00  6.01063e-04
6090.00  5.84930e-04
6091.00  6.01980e-04
6092.00  5.83249e-04
6093.00  6.31161e-04
6094.00  6.04290e-04
6095.00  6.25853e-04
6096.00  6.04630e-04
6097.00  6.07515e-04
6098.00  6.49152e-04
6099.00  5.94941e-04
6100.00  6.04221e-04
6101.00  5.99997e-04
6102.00  6.17496e-04
6103.00  5.93636e-04
6104.00  5.49541e-04
6105.00  6.04509e-04
6106.00  5.89814e-04
6107.00  5.55592e-04
6108.00  5.57886e-04
6109.00  6.27782e-04
6110.00  6.16464e-04
6111.00  4.94973e-04
6112.00  6.11588e-04
6113.00  5.58820e-04
6114.00  6.13108e-04
6115.00  6.14411e-04
6116.00  5.73551e-04
6117.00  3.86526e-04
6118.00  6.18416e-04
6119.00  6.21154e-04
6120.00  6.06173e-04
6121.00  4.29371e-04
6122.00  5.81744e-04
6123.00  6.16753e-04
6124.00  6.14270e-04
6125.00  3.71797e-04
6126.00  6.33696e-04
6127.00  6.22582e-04
6128.00  5.22695e-04
6129.00  3.07017e-04
6130.00  6.19679e-04
6131.00  6.09725e-04
6132.00  6.09414e-04
6133.00  6.23991e-04
6134.00  5.50680e-04
6135.00  5.75412e-04
6136.00  6.07518e-04
6137.00  1.41822e-04
6138.00  6.11303e-04
6139.00  6.13701e-04
6140.00  6.18328e-04
6141.00  5.83406e-04
6142.00  5.73633e-04
6143.00  6.00751e-04
6144.00  6.12474e-04
6145.00  3.35384e-04
6146.00  6.07341e-04
6147.00  6.13010e-04
6148.00  6.10242e-04
6149.00  6.21036e-04
6150.00  6.03006e-04
6151.00  6.12424e-04
6152.00  6.22051e-04
6153.00  6.10118e-04
6154.00  5.89716e-04
6155.00  5.89901e-04
6156.00  4.30229e-04
6157.00  6.14965e-04
6158.00  5.94055e-04
6159.00  5.82773e-04
6160.00  5.81888e-04
6161.00  5.98193e-04
6162.00  5.32458e-04
6163.00  5.86923e-04
6164.00  5.86963e-04
6165.00  5.92594e-04
6166.00  5.29794e-04
6167.00  5.87227e-04
6168.00  5.97562e-04
6169.00  1.64473e-04
6170.00  5.93524e-04
6171.00  4.76715e-04
6172.00  5.74572e-04
6173.00  5.70190e-04
6174.00  6.14383e-04
6175.00  5.63584e-04
6176.00  5.93101e-04
6177.00  5.89922e-04
6178.00  6.09733e-04
6179.00  6.07094e-04
6180.00  5.00908e-04
6181.00  5.60425e-04
6182.00  6.00759e-04
6183.00  6.09321e-04
6184.00  5.93354e-04
6185.00  6.08121e-04
6186.00  5.90051e-04
6187.00  5.66634e-04
6188.00  2.24637e-04
6189.00  3.59559e-04
6190.00  5.82790e-04
6191.00  5.90481e-04
6192.00  5.68214e-04
6193.00  5.41339e-04
6194.00  5.79703e-04
6195.00  5.84558e-04
6196.00  5.70753e-04
6197.00  5.52337e-04
6198.00  5.95360e-04
6199.00  5.88196e-04
6200.00  5.93588e-04
6201.00  5.82528e-04
6202.00  6.02113e-04
6203.00  5.80444e-04
6204.00  5.83365e-04
6205.00  5.74141e-04
6206.00  5.81478e-04
6207.00  5.99514e-04
6208.00  5.63913e-04
6209.00  5.53481e-04
6210.00  6.02610e-04
6211.00  5.76460e-04
6212.00  5.59808e-04
6213.00  5.66848e-04
6214.00  5.62184e-04
6215.00  5.60709e-04
