5730.00  5.41554e-05
5716.00  5.27254e-05
5717.00  5.40567e-05
5718.00  5.33001e-05
5719.00  4.85047e-05
5720.00  5.46683e-05
5721.00  2.55379e-05
5722.00  5.32444e-05
5723.00  5.36138e-05
5724.00  5.37809e-05
5725.00  5.42053e-05
5726.00  5.12636e-05
5727.00  2.50332e-05
5728.00  5.41644e-05
5729.00  5.25705e-05
5730.00  5.41554e-05
5731.00  5.21793e-05
5732.00  5.17270e-05
5733.00  5.43636e-05
5734.00  4.28084e-05
5735.00  5.30082e-05
5736.00  5.36210e-05
5737.00  4.08465e-05
5738.00  5.40471e-05
5739.00  5.13949e-05
5740.00  3.54084e-05
5741.00  5.27609e-05
5742.00  5.29482e-05
5743.00  4.61430e-05
5744.00  5.00530e-05
5745.00  5.23168e-05
5746.00  5.20339e-05
5747.00  5.25887e-05
5748.00  3.82916e-05
5749.00  5.02297e-05
5750.00  5.16759e-05
5751.00  5.33689e-05
5752.00  2.47428e-05
5753.00  5.14913e-05
5754.00  4.82931e-05
5755.00  5.42113e-05
5756.00  5.40025e-05
5757.00  5.19735e-05
5758.00  5.39030e-05
5759.00  5.40775e-05
5760.00  4.27217e-05
5761.00  5.05429e-05
5762.00  5.24125e-05
5763.00  1.08282e-05
5764.00  5.38571e-05
5765.00  5.23002e-05
5766.00  5.27230e-05
5767.00  5.36371e-05
5768.00  4.95264e-05
5769.00  4.87011e-05
5770.00  5.07303e-05
5771.00  5.17338e-05
5772.00  5.11413e-05
5773.00  5.26663e-05
5774.00  3.73019e-05
5775.00  4.23324e-05
5776.00  5.03194e-05
5777.00  5.40010e-05
5778.00  5.23740e-05
5779.00  5.37890e-05
5780.00  5.24352e-05
5781.00  5.18474e-05
5782.00  5.17828e-05
5783.00  4.20644e-05
5784.00  5.04568e-05
5785.00  2.68055e-05
5786.00  3.41651e-05
5787.00  3.95143e-05
5788.00  4.09167e-05
5789.00  3.31945e-05
5790.00  5.17169e-05
5791.00  1.40970e-05
5792.00  5.12833e-05
5793.00  4.35724e-05
5794.00  4.93519e-05
5795.00  3.60654e-05
5796.00  4.98682e-05
5797.00  5.48502e-05
5798.00  5.12413e-05
5799.00  5.03429e-05
5800.00  5.31182e-05
5801.00  5.25791e-05
5802.00  5.29609e-05
5803.00  5.20907e-05
5804.00  2.83744e-05
5805.00  5.07917e-05
5806.00  5.17029e-05
5807.00  5.22943e-05
5808.00  4.85863e-05
5809.00  5.22454e-05
5810.00  5.13593e-05
5811.00  4.98644e-05
5812.00  5.11519e-05
5813.00  4.80576e-05
5814.00  4.48691e-05
5815.00  5.24333e-05
5816.00  4.07647e-05
5817.00  4.71846e-05
5818.00  5.20221e-05
5819.00  5.29666e-05
5820.00  5.05310e-05
5821.00  5.06314e-05
5822.00  5.21473e-05
5823.00  4.79098e-05
5824.00  5.15227e-05
5825.00  5.01898e-05
5826.00  5.05713e-05
5827.00  5.23811e-05
5828.00  5.21007e-05
5829.00  5.10984e-05
5830.00  5.17531e-05
5831.00  4.98808e-05
5832.00  4.93214e-05
5833.00  4.98808e-05
5834.00  2.55581e-05
5835.00  5.05653e-05
5836.00  5.39694e-05
5837.00  4.92470e-05
5838.00  3.51966e-05
5839.00  5.01617e-05
5840.00  5.02020e-05
5841.00  5.09346e-05
5842.00  4.94486e-05
5843.00  5.04840e-05
5844.00  5.09274e-05
5845.00  4.96305e-05
5846.00  4.46802e-05
5847.00  2.54180e-05
5848.00  4.48353e-05
5849.00  4.33569e-05
5850.00  5.18024e-05
5851.00  5.26093e-05
5852.00  5.04171e-05
5853.00  5.09697e-05
5854.00  5.16060e-05
5855.00  4.69706e-05
5856.00  4.61577e-05
5857.00  5.07454e-05
5858.00  5.02584e-05
5859.00  5.34787e-05
5860.00  4.92662e-05
5861.00  4.98486e-05
5862.00  5.13170e-05
5863.00  5.09346e-05
5864.00  4.77885e-05
5865.00  4.79458e-05
5866.00  4.49280e-05
5867.00  5.18152e-05
5868.00  5.09846e-05
5869.00  5.16322e-05
5870.00  5.00399e-05
5871.00  5.04414e-05
5872.00  5.04818e-05
5873.00  4.74777e-05
5874.00  4.76247e-05
5875.00  5.04801e-05
5876.00  5.12463e-05
5877.00  5.03579e-05
5878.00  4.79107e-05
5879.00  4.86315e-05
5880.00  3.79529e-05
5881.00  4.92911e-05
5882.00  5.10737e-05
5883.00  4.85542e-05
5884.00  4.83199e-05
5885.00  4.28343e-05
5886.00  5.03866e-05
5887.00  4.99865e-05
5888.00  4.75624e-05
5889.00  4.53885e-05
5890.00  5.90443e-06
5891.00  4.53890e-05
5892.00  4.86489e-05
5893.00  4.84035e-05
5894.00  4.89929e-05
5895.00  4.62909e-05
5896.00  6.42943e-06
5897.00  4.76633e-05
5898.00  4.63477e-05
5899.00  4.74389e-05
5900.00  4.86697e-05
5901.00  4.88263e-05
5902.00  4.89220e-05
5903.00  4.97224e-05
5904.00  4.59750e-05
5905.00  4.57275e-05
5906.00  5.15222e-05
5907.00  4.66110e-05
5908.00  4.87475e-05
5909.00  4.92412e-05
5910.00  2.23602e-05
5911.00  4.91304e-05
5912.00  3.64405e-05
5913.00  4.91860e-05
5914.00  4.71819e-05
5915.00  4.93598e-05
5916.00  4.46265e-05
5917.00  4.95042e-05
5918.00  4.78557e-05
5919.00  4.75676e-05
5920.00  4.71074e-05
5921.00  4.88737e-05
5922.00  4.74929e-05
5923.00  4.73829e-05
5924.00  4.49444e-05
5925.00  4.52655e-05
5926.00  4.92729e-05
5927.00  4.87872e-05
5928.00  4.83486e-05
5929.00  4.81494e-05
5930.00  4.98770e-05
5931.00  4.71689e-05
5932.00  4.80613e-05
5933.00  4.93491e-05
5934.00  4.96312e-05
5935.00  4.55389e-05
5936.00  4.84654e-05
5937.00  4.88088e-05
5938.00  4.78639e-05
5939.00  4.88876e-05
5940.00  4.88502e-05
5941.00  3.11522e-05
5942.00  4.93290e-05
5943.00  4.67313e-05
5944.00  4.76778e-05
5945.00  4.85544e-05
5946.00  4.77318e-05
5947.00  4.77812e-05
5948.00  4.92143e-05
5949.00  4.94952e-05
5950.00  4.83377e-05
5951.00  4.89568e-05
5952.00  4.78440e-05
5953.00  4.81712e-05
5954.00  5.01837e-05
5955.00  4.83433e-05
5956.00  4.72278e-05
5957.00  4.67046e-05
5958.00  4.85953e-05
5959.00  4.77603e-05
5960.00  4.75612e-05
5961.00  4.79378e-05
5962.00  4.96815e-05
5963.00  4.68445e-05
5964.00  4.85236e-05
5965.00  4.74000e-05
5966.00  3.36404e-05
5967.00  4.48611e-05
5968.00  4.81493e-05
5969.00  5.06880e-05
5970.00  4.72114e-05
5971.00  4.89831e-05
5972.00  4.91385e-05
5973.00  4.80831e-05
5974.00  4.93025e-05
5975.00  4.74620e-05
5976.00  4.99705e-05
5977.00  4.79851e-05
5978.00  4.75509e-05
5979.00  4.44604e-05
5980.00  4.90734e-05
5981.00  4.90122e-05
5982.00  4.41005e-05
5983.00  4.83455e-05
5984.00  5.04402e-05
5985.00  4.89437e-05
5986.00  4.88051e-05
5987.00  2.61902e-05
5988.00  4.85658e-05
5989.00  4.59507e-05
5990.00  4.80387e-05
5991.00  3.19447e-05
5992.00  4.73320e-05
5993.00  4.71370e-05
5994.00  4.56755e-05
5995.00  4.69641e-05
5996.00  3.69809e-05
5997.00  4.76982e-05
5998.00  4.55347e-05
5999.00  4.01239e-05
6000.00  4.81752e-05
6001.00  4.66882e-05
6002.00  4.90648e-05
6003.00  1.26073e-05
6004.00  4.36489e-05
6005.00  4.39047e-05
6006.00  4.92660e-05
6007.00  4.92555e-05
6008.00  1.82071e-05
6009.00  5.22178e-05
6010.00  4.88554e-05
6011.00  4.93371e-05
6012.00  4.77478e-05
6013.00  4.81023e-05
6014.00  4.88104e-05
6015.00  4.68582e-05
6016.00  4.75830e-05
6017.00  4.39389e-05
6018.00  4.79215e-05
6019.00  4.70305e-05
6020.00  4.81389e-05
6021.00  4.91202e-05
6022.00  4.86442e-05
6023.00  4.66060e-05
6024.00  1.51391e-05
6025.00  4.88704e-05
6026.00  4.90724e-05
6027.00  1.92555e-05
6028.00  4.95065e-05
6029.00  4.01258e-05
6030.00  4.89937e-05
6031.00  4.68973e-05
6032.00  4.73494e-05
6033.00  4.83442e-05
6034.00  4.12761e-05
6035.00  4.68972e-05
6036.00  4.89415e-05
6037.00  4.55587e-05
6038.00  4.91198e-05
6039.00  4.91235e-05
6040.00  4.78371e-05
6041.00  4.75275e-05
6042.00  3.84336e-05
6043.00  4.86046e-05
6044.00  4.81333e-05
6045.00  4.91105e-05
6046.00  4.52927e-05
6047.00  4.79284e-05
6048.00  4.88507e-05
6049.00  4.89531e-05
6050.00  4.84203e-05
6051.00  4.86823e-05
6052.00  4.86589e-05
6053.00  4.78133e-05
6054.00  4.56173e-05
6055.00  4.82552e-05
6056.00  1.48789e-05
6057.00  4.85888e-05
6058.00  4.82154e-05
6059.00  4.72259e-05
6060.00  4.90967e-05
6061.00  4.71940e-05
6062.00  4.83461e-05
6063.00  4.21217e-05
6064.00  5.05038e-05
6065.00  4.86743e-05
6066.00  4.82389e-05
6067.00  4.78769e-05
6068.00  4.67729e-05
6069.00  5.04795e-05
6070.00  4.72480e-05
6071.00  4.95530e-05
6072.00  4.78424e-05
6073.00  4.97403e-05
6074.00  4.70248e-05
6075.00  4.74915e-05
6076.00  4.85115e-05
6077.00  4.75986e-05
6078.00  4.80023e-05
6079.00  1.56708e-05
6080.00  4.47502e-05
6081.00  4.83267e-05
6082.00  5.11078e-05
6083.00  4.85466e-05
6084.00  4.80499e-05
6085.00  4.78447e-05
6086.00  4.86245e-05
6087.00  4.62408e-05
6088.00  4.83574e-05
6089.00  4.80947e-05
6090.00  4.65080e-05
6091.00  4.76466e-05
6092.00  4.65417e-05
6093.00  5.08424e-05
6094.00  4.77486e-05
6095.00  5.00277e-05
6096.00  4.79282e-05
6097.00  4.88294e-05
6098.00  5.33356e-05
6099.00  4.71922e-05
6100.00  4.81076e-05
6101.00  4.77499e-05
6102.00  4.96007e-05
6103.00  4.71143e-05
6104.00  4.40796e-05
6105.00  4.78055e-05
6106.00  4.70213e-05
6107.00  4.48029e-05
6108.00  4.47988e-05
6109.00  5.04265e-05
6110.00  4.90000e-05
6111.00  4.00429e-05
6112.00  4.86442e-05
6113.00  4.47440e-05
6114.00  4.87630e-05
6115.00  4.88152e-05
6116.00  4.60540e-05
6117.00  3.27794e-05
6118.00  4.93732e-05
6119.00  4.97795e-05
6120.00  4.81594e-05
6121.00  3.53811e-05
6122.00  4.61233e-05
6123.00  4.90952e-05
6124.00  4.88392e-05
6125.00  3.07707e-05
6126.00  5.15942e-05
6127.00  4.97211e-05
6128.00  4.21610e-05
6129.00  2.57727e-05
6130.00  4.94273e-05
6131.00  4.85502e-05
6132.00  4.87720e-05
6133.00  4.99425e-05
6134.00  4.47547e-05
6135.00  4.57626e-05
6136.00  4.83232e-05
6137.00  1.24119e-05
6138.00  4.88577e-05
6139.00  4.89129e-05
6140.00  4.93269e-05
6141.00  4.72911e-05
6142.00  4.59836e-05
6143.00  4.75630e-05
6144.00  4.87577e-05
6145.00  2.78513e-05
6146.00  4.82601e-05
6147.00  4.94703e-05
6148.00  4.85485e-05
6149.00  4.97744e-05
6150.00  4.79145e-05
6151.00  4.87614e-05
6152.00  4.99098e-05
6153.00  4.85030e-05
6154.00  4.69026e-05
6155.00  4.67482e-05
6156.00  3.50773e-05
6157.00  4.90359e-05
6158.00  4.70556e-05
6159.00  4.62549e-05
6160.00  4.64235e-05
6161.00  4.74542e-05
6162.00  4.23489e-05
6163.00  4.64044e-05
6164.00  4.64126e-05
6165.00  4.69096e-05
6166.00  4.24074e-05
6167.00  4.64318e-05
6168.00  4.74861e-05
6169.00  1.37913e-05
6170.00  4.71974e-05
6171.00  3.88872e-05
6172.00  4.54345e-05
6173.00  4.53294e-05
6174.00  4.90451e-05
6175.00  4.49005e-05
6176.00  4.69274e-05
6177.00  4.70888e-05
6178.00  4.85651e-05
6179.00  4.83997e-05
6180.00  4.01512e-05
6181.00  4.45304e-05
6182.00  4.76787e-05
6183.00  4.93530e-05
6184.00  4.75493e-05
6185.00  4.86591e-05
6186.00  4.67982e-05
6187.00  4.47355e-05
6188.00  1.86418e-05
6189.00  2.98724e-05
6190.00  4.60450e-05
6191.00  4.71475e-05
6192.00  4.52611e-05
6193.00  4.29477e-05
6194.00  4.58564e-05
6195.00  4.61775e-05
6196.00  4.50449e-05
6197.00  4.37549e-05
6198.00  4.75243e-05
6199.00  4.65083e-05
6200.00  4.70495e-05
6201.00  4.69171e-05
6202.00  4.78732e-05
6203.00  4.62679e-05
6204.00  4.60775e-05
6205.00  4.53947e-05
6206.00  4.59182e-05
6207.00  4.76979e-05
6208.00  4.49012e-05
6209.00  4.39336e-05
6210.00  4.80480e-05
6211.00  4.55216e-05
6212.00  4.43933e-05
6213.00  4.49163e-05
6214.00  4.44945e-05
6215.00  4.43279e-05
